0 0.5819 0.0464 0.2055 0.0455
0 0.8033 0.0467 0.2093 0.0433
0 0.3611 0.1227 0.1916 0.0704
0 0.5247 0.1241 0.1160 0.0509
0 0.2982 0.1978 0.2269 0.0650
0 0.4208 0.2036 0.0277 0.0184
0 0.4872 0.2001 0.0744 0.0336
0 0.6816 0.2053 0.2522 0.0606
0 0.8554 0.2014 0.0857 0.0444
0 0.2644 0.2535 0.3455 0.0487
0 0.4321 0.2605 0.0252 0.0292
0 0.4938 0.2490 0.0820 0.0314
0 0.6665 0.2563 0.2774 0.0487
0 0.7948 0.2548 0.0202 0.0152
0 0.8327 0.2507 0.0681 0.0347
0 0.1841 0.3039 0.1904 0.0412
0 0.3440 0.2984 0.0908 0.0357
0 0.4610 0.3023 0.1387 0.0379
0 0.6003 0.2996 0.1311 0.0325
0 0.7203 0.2957 0.0794 0.0303
0 0.8472 0.2919 0.1778 0.0476
0 0.2421 0.3480 0.2509 0.0487
0 0.4933 0.3559 0.1866 0.0563
0 0.6978 0.3565 0.2206 0.0574
0 0.8416 0.3525 0.1110 0.0466
0 0.1990 0.4073 0.1979 0.0563
0 0.3391 0.4082 0.1059 0.0552
0 0.4831 0.4005 0.1551 0.0455
0 0.6124 0.3959 0.0832 0.0390
0 0.7432 0.3986 0.1475 0.0444
0 0.8188 0.4019 0.0265 0.0260
0 0.8619 0.3963 0.0794 0.0314
0 0.3390 0.4548 0.4892 0.0596
0 0.2797 0.4925 0.2622 0.0433
0 0.5512 0.4984 0.2774 0.0552
0 0.8085 0.4935 0.2421 0.0509
0 0.1561 0.5581 0.1399 0.0606
0 0.2750 0.5529 0.1084 0.0531
0 0.4690 0.5383 0.2131 0.0628
0 0.7085 0.5354 0.2282 0.0347
0 0.3190 0.5913 0.3102 0.0715
0 0.6325 0.5921 0.2761 0.0509
0 0.8261 0.5932 0.0883 0.0531
0 0.2643 0.6373 0.2786 0.0606
0 0.4077 0.6487 0.0265 0.0336
0 0.4981 0.6345 0.1324 0.0357
0 0.6862 0.6378 0.2030 0.0617
0 0.8493 0.6329 0.0958 0.0574
0 0.2379 0.7008 0.2925 0.0487
0 0.4313 0.6868 0.0820 0.0347
0 0.5443 0.6911 0.1387 0.0433
0 0.7058 0.6832 0.1311 0.0498
0 0.8557 0.6806 0.1614 0.0639
0 0.2242 0.7418 0.2484 0.0531
0 0.4164 0.7400 0.1273 0.0606
0 0.5953 0.7328 0.2017 0.0433
0 0.7979 0.7349 0.1790 0.0476
0 0.1701 0.7929 0.1374 0.0552
0 0.3291 0.7840 0.1387 0.0347
0 0.4872 0.7860 0.1828 0.0498
0 0.7078 0.7795 0.2433 0.0563
0 0.8627 0.7870 0.0782 0.0574
0 0.1509 0.8355 0.0908 0.0433
0 0.2796 0.8462 0.1425 0.0563
0 0.4287 0.8350 0.1324 0.0422
0 0.5828 0.8315 0.1601 0.0520
0 0.7754 0.8202 0.2118 0.0487
0 0.1749 0.8881 0.1387 0.0401
0 0.3564 0.8837 0.1740 0.0368
0 0.2471 0.8993 0.0303 0.0347
0 0.5273 0.8771 0.1324 0.0292
0 0.7161 0.8840 0.2711 0.0541
0 0.2504 0.9396 0.2648 0.0487
0 0.2891 0.9800 0.2754 0.0405
0 0.5179 0.9780 0.0857 0.0448
0 0.6790 0.9712 0.2635 0.0563
