0 0.1880 0.2555 0.1399 0.0388
0 0.3500 0.2529 0.1195 0.0363
0 0.4522 0.2516 0.0517 0.0226
0 0.5279 0.2574 0.0614 0.0315
0 0.6394 0.2493 0.1399 0.0291
0 0.7188 0.2537 0.0237 0.0186
0 0.7668 0.2499 0.0614 0.0331
0 0.8706 0.2461 0.1246 0.0339
0 0.1539 0.2974 0.1216 0.0420
0 0.2313 0.2954 0.0237 0.0186
0 0.2730 0.2944 0.0570 0.0444
0 0.4159 0.2836 0.1873 0.0339
0 0.5763 0.2846 0.1109 0.0275
0 0.6854 0.2848 0.0624 0.0363
0 0.1368 0.3293 0.0624 0.0363
0 0.2472 0.3313 0.1389 0.0404
0 0.4061 0.3136 0.1012 0.0412
0 0.5644 0.3205 0.1927 0.0299
0 0.7209 0.3077 0.1001 0.0460
0 0.8086 0.2777 0.1561 0.0331
0 0.8895 0.2837 0.0291 0.0202
0 0.4503 0.3524 0.1839 0.0436
0 0.2174 0.3610 0.2099 0.0388
0 0.6298 0.3529 0.1345 0.0363
0 0.7558 0.3399 0.0700 0.0299
0 0.8678 0.3421 0.1356 0.0258
0 0.1571 0.3866 0.0947 0.0371
0 0.3089 0.3894 0.1678 0.0315
0 0.4744 0.3760 0.1238 0.0299
0 0.6148 0.3793 0.1324 0.0363
0 0.1418 0.4199 0.0753 0.0315
0 0.1936 0.4240 0.0205 0.0202
0 0.2289 0.4192 0.0495 0.0218
0 0.3351 0.4180 0.1313 0.0388
0 0.4382 0.4105 0.0624 0.0266
0 0.5444 0.4076 0.1249 0.0291
0 0.7014 0.4031 0.1389 0.0396
0 0.8198 0.3744 0.2508 0.0266
0 0.8642 0.4020 0.1701 0.0291
0 0.1429 0.4568 0.0775 0.0331
0 0.2450 0.4554 0.1206 0.0331
0 0.4037 0.4535 0.2325 0.0404
0 0.6591 0.4376 0.2183 0.0363
0 0.1334 0.4898 0.0474 0.0323
0 0.2338 0.4894 0.1259 0.0315
0 0.3734 0.4836 0.1356 0.0339
0 0.5987 0.4742 0.2863 0.0428
0 0.2199 0.5168 0.1453 0.0363
0 0.3532 0.5122 0.0926 0.0355
0 0.4072 0.5182 0.0172 0.0226
0 0.4987 0.5114 0.1668 0.0339
0 0.7001 0.5067 0.2002 0.0355
0 0.7834 0.5115 0.0334 0.0258
0 0.8763 0.5075 0.1582 0.0371
0 0.9453 0.5087 0.0323 0.0202
0 0.1439 0.5575 0.0657 0.0371
0 0.2082 0.5558 0.0775 0.0339
0 0.3492 0.5455 0.1679 0.0299
0 0.5077 0.5421 0.1098 0.0315
0 0.6585 0.5377 0.1808 0.0420
0 0.2449 0.5768 0.1981 0.0452
0 0.3406 0.5787 0.0312 0.0186
0 0.3905 0.5778 0.0700 0.0250
0 0.5128 0.5727 0.1507 0.0315
0 0.5959 0.5779 0.0280 0.0170
0 0.6518 0.5695 0.0786 0.0307
0 0.7977 0.5724 0.2314 0.0420
0 0.1876 0.6132 0.1475 0.0347
0 0.3371 0.6051 0.0743 0.0436
0 0.4358 0.6122 0.1410 0.0355
0 0.6139 0.6032 0.1722 0.0315
0 0.7538 0.5963 0.0743 0.0315
0 0.8742 0.5987 0.1679 0.0363
0 0.1542 0.6469 0.0861 0.0299
0 0.2824 0.6407 0.1259 0.0258
0 0.3532 0.6457 0.0258 0.0275
0 0.4311 0.6384 0.1206 0.0323
0 0.6107 0.6356 0.2131 0.0323
0 0.8100 0.6295 0.1561 0.0339
0 0.1796 0.6784 0.1259 0.0291
0 0.2597 0.6796 0.0334 0.0258
0 0.4451 0.6727 0.3208 0.0371
0 0.6625 0.6626 0.0861 0.0307
0 0.8042 0.6661 0.2056 0.0460
