0 0.1035 0.2147 0.1292 0.0794
0 0.2405 0.2190 0.0755 0.0657
0 0.2951 0.2173 0.0097 0.0151
0 0.4039 0.2188 0.1689 0.0681
0 0.5049 0.2204 0.0154 0.0158
0 0.5614 0.2228 0.0533 0.0429
0 0.7017 0.2379 0.1812 0.0730
0 0.7997 0.2538 0.0161 0.0243
0 0.8471 0.2330 0.0525 0.0354
0 0.1294 0.2858 0.1948 0.0772
0 0.2341 0.2922 0.0181 0.0289
0 0.2878 0.2663 0.0533 0.0382
0 0.4387 0.2806 0.1913 0.0611
0 0.5445 0.2872 0.0140 0.0160
0 0.5880 0.2764 0.0400 0.0333
0 0.6815 0.2897 0.1158 0.0544
0 0.7579 0.3005 0.0185 0.0259
0 0.8014 0.2885 0.0528 0.0326
0 0.8914 0.2989 0.0968 0.0506
0 0.9457 0.3163 0.0192 0.0326
0 0.0688 0.3517 0.0820 0.0450
0 0.0949 0.4325 0.1314 0.0734
0 0.1750 0.3487 0.0528 0.0391
0 0.2156 0.4140 0.0561 0.0391
0 0.3234 0.3455 0.1496 0.0521
0 0.3252 0.4227 0.1032 0.0705
0 0.4426 0.4129 0.0575 0.0397
0 0.3936 0.3517 0.0094 0.0118
0 0.3929 0.4236 0.0137 0.0222
0 0.5628 0.3519 0.2755 0.0843
0 0.5354 0.4217 0.0986 0.0629
0 0.6025 0.4260 0.0161 0.0214
0 0.6533 0.4091 0.0595 0.0404
0 0.7894 0.3568 0.1371 0.0609
0 0.8898 0.3621 0.0657 0.0604
0 0.9249 0.3648 0.0082 0.0130
0 0.8418 0.4177 0.2724 0.0576
0 0.0593 0.5113 0.0659 0.0782
0 0.1131 0.4939 0.0123 0.0156
0 0.2304 0.4800 0.1969 0.0739
0 0.4583 0.4853 0.2055 0.0790
0 0.7088 0.4694 0.2703 0.0721
0 0.9228 0.4589 0.1150 0.0595
0 0.0529 0.5777 0.0669 0.0776
0 0.1839 0.5523 0.1567 0.0601
0 0.1938 0.6289 0.0986 0.0577
0 0.0648 0.6506 0.0908 0.0818
0 0.1271 0.6484 0.0126 0.0162
0 0.2831 0.5608 0.0106 0.0132
0 0.4134 0.5395 0.2017 0.0956
0 0.3527 0.6298 0.1443 0.0763
0 0.4353 0.6181 0.0095 0.0168
0 0.6604 0.5410 0.2263 0.0932
0 0.8095 0.5373 0.0495 0.0745
0 0.9115 0.5204 0.1147 0.0463
0 0.8211 0.6093 0.0894 0.0685
0 0.7278 0.5981 0.0611 0.0517
0 0.5663 0.6136 0.2188 0.0800
0 0.8779 0.5986 0.0113 0.0138
0 0.9321 0.5903 0.0809 0.0806
0 0.9372 0.6625 0.0911 0.0445
0 0.8245 0.6732 0.1017 0.0631
0 0.6945 0.6794 0.1335 0.0727
0 0.5261 0.6802 0.1495 0.0577
0 0.3742 0.6969 0.0901 0.0800
0 0.1993 0.7127 0.1986 0.0782
0 0.0388 0.7287 0.0553 0.0824
0 0.0781 0.8078 0.1423 0.1184
0 0.2999 0.7730 0.2471 0.0932
0 0.4255 0.7711 0.0177 0.0283
0 0.4542 0.8417 0.0167 0.0222
0 0.5252 0.7586 0.1393 0.0866
0 0.5248 0.8194 0.0997 0.0499
0 0.6629 0.7538 0.0925 0.0770
0 0.7249 0.7511 0.0137 0.0216
0 0.7867 0.7320 0.0901 0.0529
0 0.9053 0.7354 0.1246 0.0625
0 0.1363 0.8760 0.2448 0.1214
0 0.3634 0.8327 0.1573 0.0709
0 0.7742 0.8120 0.3318 0.1100
