0 0.5613 0.1305 0.1670 0.0276
0 0.7252 0.1290 0.1421 0.0303
0 0.5279 0.1077 0.1641 0.0238
0 0.6901 0.1042 0.1190 0.0168
0 0.8425 0.0980 0.1766 0.0238
0 0.5429 0.0886 0.1524 0.0189
0 0.6574 0.0819 0.0758 0.0249
0 0.7446 0.0831 0.1142 0.0189
0 0.5536 0.0647 0.1267 0.0211
0 0.5245 0.0447 0.1046 0.0227
0 0.6576 0.0359 0.1680 0.0330
0 0.8409 0.0246 0.1900 0.0297
0 0.4091 0.1752 0.1238 0.0281
0 0.5213 0.1728 0.0816 0.0178
0 0.1059 0.2044 0.1507 0.0227
0 0.2201 0.2087 0.0653 0.0173
0 0.3495 0.2105 0.1824 0.0238
0 0.4789 0.2053 0.0689 0.0189
0 0.5856 0.2039 0.1267 0.0216
0 0.6980 0.1999 0.0989 0.0249
0 0.8014 0.1928 0.0806 0.0189
0 0.0622 0.2299 0.0633 0.0238
0 0.1750 0.2303 0.1584 0.0216
0 0.2871 0.2337 0.0576 0.0146
0 0.3763 0.2364 0.1248 0.0200
0 0.4868 0.2328 0.0653 0.0157
0 0.5737 0.2284 0.1085 0.0178
0 0.6936 0.2230 0.1123 0.0211
0 0.8512 0.2129 0.1747 0.0314
0 0.1293 0.2519 0.1920 0.0232
0 0.2974 0.2583 0.1392 0.0222
0 0.4635 0.2569 0.1603 0.0222
0 0.5833 0.2533 0.0749 0.0232
0 0.7104 0.2466 0.1708 0.0238
0 0.8504 0.2392 0.0729 0.0173
0 0.0952 0.2738 0.1209 0.0254
0 0.2605 0.2390 0.0154 0.0141
0 0.4504 0.2132 0.0202 0.0124
0 0.7560 0.1999 0.0230 0.0108
0 0.1666 0.2801 0.0221 0.0157
0 0.2086 0.2781 0.0701 0.0173
0 0.2986 0.2786 0.1056 0.0238
0 0.3593 0.2857 0.0269 0.0130
0 0.3972 0.2798 0.0749 0.0178
0 0.5906 0.2761 0.3062 0.0243
0 0.8564 0.2650 0.1545 0.0189
0 0.9390 0.2740 0.0224 0.0119
0 0.1417 0.3043 0.2112 0.0335
0 0.3904 0.3080 0.2668 0.0270
0 0.6142 0.3038 0.1478 0.0243
0 0.7683 0.2966 0.1478 0.0238
0 0.1639 0.3288 0.2361 0.0297
0 0.3854 0.3349 0.1958 0.0254
0 0.5163 0.3358 0.0576 0.0216
0 0.6107 0.3316 0.1325 0.0243
0 0.7372 0.3262 0.1133 0.0162
0 0.8890 0.3224 0.1612 0.0254
0 0.0776 0.3483 0.0662 0.0216
0 0.2092 0.3587 0.1824 0.0314
0 0.3435 0.3592 0.0536 0.0157
0 0.4307 0.3636 0.1113 0.0243
0 0.5410 0.3660 0.0931 0.0265
0 0.6761 0.3599 0.1411 0.0308
0 0.8479 0.3602 0.1708 0.0232
0 0.1054 0.3776 0.0969 0.0303
0 0.2556 0.3879 0.1612 0.0341
0 0.4202 0.3930 0.1459 0.0276
0 0.5485 0.3947 0.0969 0.0254
0 0.6590 0.3931 0.1152 0.0168
0 0.7822 0.3999 0.1171 0.0249
0 0.1657 0.4053 0.2342 0.0357
0 0.2865 0.4201 0.0202 0.0151
0 0.3626 0.4199 0.1363 0.0260
0 0.4850 0.4254 0.0921 0.0314
0 0.5902 0.4239 0.1027 0.0173
0 0.6971 0.4274 0.0998 0.0297
0 0.8588 0.4282 0.2371 0.0287
0 0.1202 0.4305 0.1488 0.0222
0 0.2589 0.4336 0.1094 0.0227
0 0.4074 0.4457 0.1814 0.0303
0 0.6040 0.4519 0.2025 0.0260
0 0.1778 0.4565 0.1833 0.0297
0 0.3154 0.4715 0.0614 0.0292
0 0.4382 0.4730 0.1680 0.0238
0 0.6477 0.4827 0.2342 0.0292
0 0.8805 0.4866 0.2138 0.0232
0 0.0796 0.4838 0.0786 0.0260
0 0.1670 0.4875 0.0979 0.0222
0 0.3021 0.4902 0.1459 0.0249
0 0.4922 0.5018 0.2150 0.0314
0 0.6547 0.5105 0.0845 0.0265
0 0.7985 0.5113 0.2025 0.0254
0 0.1333 0.5094 0.1804 0.0216
0 0.2825 0.5155 0.0844 0.0227
0 0.4574 0.5240 0.2204 0.0286
0 0.6598 0.5330 0.1612 0.0243
0 0.7963 0.5361 0.1037 0.0195
0 0.0813 0.5358 0.0681 0.0216
0 0.2234 0.5376 0.1996 0.0362
0 0.3870 0.5439 0.1045 0.0184
0 0.5331 0.5508 0.1718 0.0238
0 0.6601 0.5622 0.0535 0.0216
0 0.6229 0.5609 0.0152 0.0162
0 0.7574 0.5609 0.1121 0.0189
0 0.8830 0.5642 0.1104 0.0200
0 0.1378 0.5685 0.1728 0.0260
0 0.2723 0.5748 0.0585 0.0330
0 0.3483 0.5722 0.0854 0.0249
0 0.4371 0.5735 0.0547 0.0249
0 0.5393 0.5811 0.1342 0.0232
0 0.6655 0.5828 0.0977 0.0184
0 0.8114 0.5905 0.1728 0.0254
0 0.9399 0.5941 0.0547 0.0243
0 0.1313 0.5902 0.1708 0.0276
0 0.3066 0.6007 0.1660 0.0292
0 0.3985 0.6056 0.0192 0.0195
0 0.4396 0.6039 0.0653 0.0216
0 0.5465 0.6088 0.1486 0.0232
0 0.6828 0.6066 0.1017 0.0216
0 0.7770 0.6100 0.0873 0.0200
0 0.8771 0.6141 0.0653 0.0281
0 0.1149 0.6196 0.1353 0.0281
0 0.2051 0.6186 0.0518 0.0178
0 0.1449 0.6425 0.1286 0.0378
0 0.2785 0.6452 0.1209 0.0265
0 0.3807 0.6489 0.0585 0.0227
0 0.4707 0.6527 0.1219 0.0276
0 0.5630 0.6539 0.0538 0.0189
0 0.5925 0.6648 0.0182 0.0130
0 0.6344 0.6618 0.0660 0.0292
0 0.7810 0.6667 0.2092 0.0362
0 0.9213 0.6689 0.0787 0.0184
0 0.1484 0.6698 0.1996 0.0368
0 0.3122 0.6730 0.1133 0.0238
0 0.4100 0.6766 0.0672 0.0227
0 0.4528 0.6892 0.0250 0.0200
0 0.5255 0.6783 0.1371 0.0232
0 0.6450 0.6860 0.0845 0.0276
0 0.6934 0.6934 0.0173 0.0173
0 0.7854 0.6946 0.1708 0.0281
0 0.9206 0.7010 0.0912 0.0297
0 0.0871 0.6972 0.0825 0.0249
0 0.2572 0.7038 0.2505 0.0297
0 0.3828 0.7156 0.0211 0.0146
0 0.5148 0.7112 0.1325 0.0362
0 0.6167 0.7170 0.0777 0.0173
0 0.7040 0.7241 0.0691 0.0260
0 0.8467 0.7306 0.1824 0.0335
0 0.1371 0.7259 0.1881 0.0378
0 0.2512 0.7415 0.0191 0.0135
0 0.2849 0.7366 0.0671 0.0260
0 0.4046 0.7374 0.1565 0.0303
0 0.5417 0.7397 0.1085 0.0184
0 0.6917 0.7468 0.1833 0.0297
