0 0.0849 0.1331 0.0697 0.0300
0 0.2315 0.1342 0.1963 0.0296
0 0.3410 0.1364 0.0293 0.0116
0 0.3889 0.1326 0.0499 0.0291
0 0.5085 0.1262 0.1808 0.0218
0 0.6834 0.1271 0.0973 0.0208
0 0.7592 0.1301 0.0517 0.0325
0 0.8451 0.1291 0.1180 0.0276
0 0.9063 0.1314 0.0293 0.0155
0 0.0880 0.1640 0.0594 0.0252
0 0.1959 0.1622 0.1223 0.0271
0 0.3345 0.1588 0.1300 0.0315
0 0.5058 0.1608 0.1645 0.0271
0 0.6521 0.1552 0.0930 0.0271
0 0.8373 0.1561 0.2523 0.0262
0 0.1436 0.1828 0.1817 0.0296
0 0.3026 0.1883 0.1162 0.0237
0 0.4023 0.1811 0.0629 0.0262
0 0.5469 0.1843 0.1800 0.0213
0 0.7284 0.1858 0.1567 0.0271
0 0.8745 0.1770 0.0990 0.0291
0 0.1350 0.2154 0.1395 0.0252
0 0.3639 0.2140 0.2695 0.0252
0 0.5016 0.2165 0.0198 0.0136
0 0.5330 0.2122 0.0465 0.0160
0 0.6159 0.2095 0.0818 0.0218
0 0.7058 0.2088 0.0560 0.0203
0 0.7928 0.2072 0.1162 0.0199
0 0.8570 0.2100 0.0362 0.0145
0 0.2427 0.2385 0.3772 0.0242
0 0.6090 0.2371 0.3152 0.0325
0 0.8729 0.2360 0.1653 0.0247
0 0.2021 0.2686 0.3264 0.0262
0 0.4231 0.2649 0.0517 0.0160
0 0.5146 0.2694 0.1404 0.0305
0 0.6700 0.2659 0.1317 0.0262
0 0.8621 0.2602 0.2325 0.0315
0 0.1801 0.2915 0.1463 0.0329
0 0.3160 0.2949 0.1042 0.0315
0 0.4649 0.2938 0.1576 0.0237
0 0.7388 0.2898 0.3332 0.0296
0 0.9072 0.2911 0.0422 0.0155
0 0.0958 0.3224 0.0611 0.0310
0 0.2730 0.3202 0.2876 0.0320
0 0.4233 0.3222 0.0215 0.0194
0 0.5881 0.3172 0.2928 0.0344
0 0.2179 0.3497 0.1998 0.0300
0 0.3322 0.3431 0.0310 0.0111
0 0.3889 0.3435 0.0611 0.0203
0 0.4992 0.3429 0.1317 0.0247
0 0.6071 0.3416 0.0558 0.0194
0 0.7411 0.3426 0.1877 0.0407
0 0.1197 0.3710 0.1283 0.0199
0 0.2439 0.3676 0.0766 0.0325
0 0.3572 0.3744 0.1283 0.0266
0 0.5153 0.3715 0.1584 0.0320
0 0.6484 0.3642 0.0663 0.0228
0 0.7902 0.3689 0.1998 0.0296
0 0.1190 0.3976 0.1352 0.0174
0 0.1861 0.4014 0.0250 0.0111
0 0.2765 0.4022 0.1085 0.0266
0 0.4273 0.3986 0.1714 0.0223
0 0.6139 0.3924 0.1361 0.0349
0 0.7401 0.3958 0.1025 0.0276
0 0.8100 0.3954 0.0422 0.0242
0 0.2100 0.4273 0.3117 0.0296
0 0.4208 0.4200 0.0637 0.0233
0 0.5621 0.4226 0.1826 0.0397
0 0.6643 0.4198 0.0396 0.0286
