0 0.1162 0.0309 0.1574 0.0479
0 0.2899 0.0340 0.1771 0.0374
0 0.4115 0.0357 0.0590 0.0409
0 0.5213 0.0274 0.1648 0.0270
0 0.5987 0.0333 0.0307 0.0165
0 0.6429 0.0308 0.0664 0.0366
0 0.8000 0.0287 0.2361 0.0296
0 0.9195 0.0318 0.0307 0.0191
0 0.9582 0.0275 0.0664 0.0383
0 0.1301 0.0559 0.2103 0.0313
0 0.2953 0.0589 0.1156 0.0261
0 0.3858 0.0605 0.0578 0.0348
0 0.4955 0.0609 0.1549 0.0357
0 0.6199 0.0639 0.0676 0.0418
0 0.7293 0.0594 0.1586 0.0383
0 0.8761 0.0518 0.1328 0.0313
0 0.1160 0.0928 0.1820 0.0383
0 0.2697 0.0897 0.1144 0.0322
0 0.4991 0.0896 0.3148 0.0348
0 0.7567 0.0895 0.2078 0.0400
0 0.9348 0.0864 0.1168 0.0339
0 0.0596 0.1157 0.0775 0.0287
0 0.2119 0.1222 0.2349 0.0305
0 0.4263 0.1218 0.1832 0.0409
0 0.6048 0.1224 0.1402 0.0366
0 0.5217 0.1310 0.0184 0.0287
0 0.7488 0.1221 0.1365 0.0331
0 0.9006 0.1185 0.1623 0.0287
0 0.1104 0.1494 0.1931 0.0348
0 0.2582 0.1477 0.0553 0.0287
0 0.3516 0.1509 0.1144 0.0296
0 0.4455 0.1517 0.0689 0.0200
0 0.5593 0.1560 0.1574 0.0287
0 0.6388 0.1597 0.0221 0.0139
0 0.7366 0.1493 0.1537 0.0374
0 0.9011 0.1466 0.1660 0.0348
0 0.0494 0.1733 0.0738 0.0244
0 0.1501 0.1750 0.0947 0.0305
0 0.3094 0.1757 0.2300 0.0348
0 0.5203 0.1809 0.1795 0.0313
0 0.7871 0.1845 0.3382 0.0357
0 0.0613 0.1922 0.0504 0.0261
0 0.1598 0.1989 0.1279 0.0339
0 0.3034 0.1987 0.1402 0.0252
0 0.5292 0.1965 0.3000 0.0374
0 0.1918 0.2259 0.1586 0.0435
0 0.3353 0.2248 0.1094 0.0357
0 0.4576 0.2315 0.1291 0.0296
0 0.6372 0.2344 0.2078 0.0383
0 0.8459 0.2341 0.1918 0.0348
0 0.0679 0.2643 0.0664 0.0453
0 0.1449 0.2618 0.0787 0.0374
0 0.2936 0.2569 0.1955 0.0305
0 0.3862 0.2615 0.0307 0.0174
0 0.4661 0.2580 0.1267 0.0383
0 0.6394 0.2612 0.1955 0.0392
0 0.2014 0.2974 0.2140 0.0366
0 0.3563 0.2916 0.0738 0.0305
0 0.4700 0.2902 0.1316 0.0305
0 0.5342 0.2984 0.0295 0.0218
0 0.5909 0.2931 0.0873 0.0278
0 0.7412 0.2947 0.2213 0.0366
0 0.9196 0.2974 0.1365 0.0366
0 0.0457 0.3218 0.0775 0.0409
0 0.1605 0.3290 0.1376 0.0357
0 0.3239 0.3262 0.1783 0.0357
0 0.4628 0.3226 0.0922 0.0313
0 0.6139 0.3261 0.2361 0.0383
0 0.7966 0.3248 0.1377 0.0357
0 0.8588 0.3322 0.0175 0.0200
0 0.9271 0.3293 0.1291 0.0392
0 0.1222 0.3541 0.2249 0.0305
0 0.3133 0.3511 0.1488 0.0383
0 0.4626 0.3537 0.1279 0.0296
0 0.7213 0.3589 0.3898 0.0400
0 0.1064 0.3861 0.1795 0.0444
