0 0.1838 0.0514 0.2010 0.0555
0 0.2976 0.0650 0.0341 0.0273
0 0.4126 0.0628 0.1864 0.0423
0 0.6222 0.0800 0.1693 0.0405
0 0.8233 0.0676 0.1633 0.0546
0 0.1582 0.1033 0.1998 0.0537
0 0.2731 0.1041 0.0268 0.0194
0 0.3251 0.1002 0.0780 0.0282
0 0.4393 0.1130 0.1535 0.0511
0 0.5888 0.1159 0.0804 0.0317
0 0.7711 0.1092 0.1645 0.0379
0 0.8581 0.1099 0.0329 0.0308
0 0.1628 0.1457 0.2035 0.0581
0 0.4058 0.1552 0.2144 0.0520
0 0.7008 0.1658 0.3265 0.0511
0 0.1114 0.1991 0.1255 0.0537
0 0.3657 0.1954 0.3509 0.0546
0 0.6573 0.2136 0.1840 0.0467
0 0.7565 0.2121 0.0268 0.0326
0 0.2440 0.2452 0.3935 0.0625
0 0.5101 0.2459 0.0841 0.0335
0 0.6381 0.2639 0.1401 0.0529
0 0.8233 0.2537 0.1827 0.0546
0 0.1445 0.2871 0.1779 0.0520
0 0.3296 0.2876 0.2120 0.0335
0 0.2601 0.3337 0.2035 0.0590
0 0.4483 0.3372 0.1438 0.0467
0 0.6362 0.3528 0.2364 0.0529
0 0.8531 0.3406 0.2035 0.0617
0 0.2051 0.3877 0.3241 0.0476
0 0.3836 0.3963 0.0256 0.0344
0 0.4406 0.3947 0.0841 0.0449
0 0.6776 0.3989 0.3691 0.0617
0 0.8753 0.3998 0.0256 0.0273
0 0.1199 0.4373 0.1815 0.0440
0 0.3517 0.4383 0.2534 0.0599
0 0.3084 0.4875 0.2278 0.0529
0 0.4894 0.4889 0.1011 0.0361
0 0.6308 0.4848 0.1645 0.0335
0 0.7295 0.4975 0.0256 0.0255
0 0.7912 0.4881 0.1157 0.0317
0 0.1775 0.5330 0.2717 0.0493
0 0.4308 0.5319 0.1949 0.0388
0 0.6166 0.5264 0.1194 0.0529
0 0.7818 0.5441 0.2108 0.0493
0 0.1377 0.5929 0.2254 0.0608
0 0.3232 0.5816 0.0853 0.0300
0 0.4999 0.5899 0.2692 0.0493
0 0.7082 0.5830 0.1413 0.0300
0 0.7698 0.5943 0.0341 0.0220
0 0.1118 0.6426 0.1791 0.0546
0 0.3506 0.6410 0.2595 0.0458
0 0.6003 0.6305 0.1645 0.0555
0 0.7782 0.6383 0.1425 0.0405
0 0.2399 0.6856 0.4325 0.0740
0 0.5316 0.6745 0.0938 0.0379
0 0.6898 0.6834 0.1852 0.0502
