0 0.3552 0.1122 0.2799 0.0467
0 0.3382 0.1565 0.2209 0.0492
0 0.5380 0.1507 0.1233 0.0542
0 0.2316 0.2007 0.2410 0.0458
0 0.4108 0.1890 0.0855 0.0308
0 0.6196 0.1971 0.2586 0.0525
0 0.7530 0.1935 0.0422 0.0258
0 0.0827 0.2415 0.0821 0.0275
0 0.3425 0.2393 0.3210 0.0508
0 0.5025 0.2469 0.0300 0.0217
0 0.6003 0.2303 0.0922 0.0300
0 0.7680 0.2349 0.2166 0.0558
0 0.1047 0.2853 0.1343 0.0483
0 0.1792 0.2882 0.0389 0.0292
0 0.2683 0.2761 0.0755 0.0300
0 0.4214 0.2735 0.2233 0.0525
0 0.5215 0.2879 0.0291 0.0175
0 0.6175 0.2711 0.0933 0.0367
0 0.7600 0.2715 0.1644 0.0292
0 0.1152 0.3218 0.1443 0.0325
0 0.2714 0.3189 0.1011 0.0350
0 0.4466 0.3179 0.2044 0.0442
0 0.7325 0.3149 0.3121 0.0492
0 0.1408 0.3672 0.2122 0.0400
0 0.4152 0.3674 0.2333 0.0458
0 0.6011 0.3669 0.1022 0.0450
0 0.6529 0.3701 0.0225 0.0208
0 0.7550 0.3585 0.1266 0.0392
0 0.0941 0.4151 0.1300 0.0525
0 0.2325 0.4047 0.0844 0.0317
0 0.3941 0.4085 0.1466 0.0392
0 0.4783 0.4151 0.0289 0.0275
0 0.5414 0.4032 0.1022 0.0258
0 0.6894 0.4088 0.1788 0.0508
0 0.7733 0.4122 0.0244 0.0217
0 0.8425 0.3960 0.1044 0.0308
0 0.2666 0.4568 0.4499 0.0525
0 0.2200 0.4890 0.2344 0.0475
0 0.3475 0.5051 0.0367 0.0242
0 0.5888 0.4922 0.4054 0.0483
0 0.2091 0.5421 0.3655 0.0508
0 0.4639 0.5368 0.0944 0.0458
0 0.6589 0.5328 0.2510 0.0600
0 0.1361 0.5796 0.2444 0.0425
0 0.6541 0.5699 0.3166 0.0592
0 0.0833 0.6286 0.1333 0.0600
0 0.3238 0.6282 0.3255 0.0508
0 0.5747 0.6278 0.0966 0.0500
0 0.7822 0.6149 0.2366 0.0492
0 0.0849 0.6676 0.1254 0.0408
0 0.2916 0.6642 0.1722 0.0367
0 0.4925 0.6701 0.1877 0.0542
0 0.6616 0.6674 0.1289 0.0458
0 0.2286 0.7137 0.4154 0.0608
0 0.5133 0.7125 0.0933 0.0417
0 0.6694 0.7186 0.1611 0.0483
0 0.8408 0.7182 0.1566 0.0558
0 0.1200 0.7603 0.1844 0.0567
0 0.3952 0.7614 0.2933 0.0533
0 0.6275 0.7651 0.1133 0.0525
0 0.8436 0.7732 0.2566 0.0658
0 0.1225 0.8107 0.2033 0.0575
0 0.3097 0.8119 0.1444 0.0433
0 0.4991 0.8049 0.1455 0.0375
0 0.7177 0.8106 0.2188 0.0433
0 0.1869 0.8497 0.3099 0.0717
0 0.3311 0.8661 0.0289 0.0267
0 0.5014 0.8569 0.2055 0.0500
0 0.7000 0.8565 0.1444 0.0492
0 0.8814 0.8581 0.1933 0.0383
0 0.0966 0.8992 0.1322 0.0483
0 0.3980 0.8978 0.3988 0.0483
0 0.5680 0.9197 0.0444 0.0450
0 0.7116 0.8968 0.2122 0.0408
0 0.9153 0.9051 0.1500 0.0408
