0 0.1932 0.0730 0.1947 0.0404
0 0.3948 0.0783 0.1562 0.0288
0 0.5223 0.0875 0.0668 0.0416
0 0.6042 0.0853 0.0777 0.0373
0 0.7098 0.0866 0.0807 0.0400
0 0.1436 0.1136 0.1122 0.0328
0 0.2575 0.1180 0.0927 0.0387
0 0.3658 0.1181 0.0760 0.0362
0 0.5452 0.1212 0.2376 0.0341
0 0.7707 0.1233 0.1581 0.0354
0 0.1188 0.1571 0.0654 0.0335
0 0.2865 0.1625 0.2535 0.0361
0 0.4818 0.1640 0.0830 0.0308
0 0.6085 0.1683 0.1669 0.0394
0 0.7895 0.1687 0.1652 0.0374
0 0.3377 0.2141 0.0866 0.0394
0 0.4343 0.2115 0.0936 0.0341
0 0.5399 0.2100 0.0742 0.0394
0 0.6705 0.2174 0.1687 0.0459
0 0.8418 0.2136 0.1613 0.0354
0 0.1933 0.2517 0.2228 0.0422
0 0.3575 0.2633 0.0733 0.0489
0 0.5125 0.2575 0.1944 0.0455
0 0.8006 0.2578 0.2123 0.0378
0 0.1401 0.3003 0.1024 0.0506
0 0.1718 0.3519 0.1824 0.0456
0 0.3243 0.3483 0.0987 0.0299
0 0.2979 0.3083 0.2013 0.0499
0 0.4870 0.3035 0.1518 0.0293
0 0.6522 0.3026 0.1599 0.0331
0 0.7870 0.3133 0.0962 0.0515
0 0.3127 0.1226 0.0142 0.0091
0 0.6511 0.0916 0.0216 0.0193
0 0.9173 0.2646 0.0236 0.0097
0 0.4944 0.2157 0.0138 0.0091
0 0.4250 0.1746 0.0250 0.0242
0 0.3906 0.3528 0.0146 0.0057
0 0.2700 0.3955 0.2094 0.0521
0 0.4713 0.3940 0.1510 0.0463
0 0.5970 0.4008 0.0801 0.0405
0 0.7467 0.4020 0.2129 0.0457
0 0.9107 0.3911 0.0770 0.0267
0 0.9517 0.4035 0.0284 0.0181
0 0.1071 0.4471 0.0669 0.0415
0 0.3306 0.4397 0.3417 0.0322
0 0.5652 0.4486 0.1026 0.0444
0 0.7485 0.4468 0.2331 0.0465
0 0.8831 0.4543 0.0357 0.0224
0 0.1435 0.4860 0.1454 0.0387
0 0.2856 0.4935 0.1185 0.0452
0 0.4514 0.4873 0.1722 0.0302
0 0.6004 0.4962 0.1092 0.0424
0 0.3518 0.4971 0.0203 0.0164
0 0.6706 0.4997 0.0190 0.0188
0 0.7782 0.4941 0.1843 0.0382
0 0.9111 0.4981 0.0944 0.0434
0 0.9626 0.4967 0.0085 0.0073
0 0.1060 0.5327 0.0732 0.0487
0 0.2689 0.5348 0.2490 0.0363
0 0.4064 0.5425 0.0212 0.0210
0 0.4621 0.5407 0.0797 0.0425
0 0.6476 0.5349 0.2812 0.0365
0 0.8537 0.5362 0.0908 0.0279
0 0.1847 0.5877 0.2306 0.0532
0 0.4285 0.5826 0.2265 0.0514
0 0.6131 0.5884 0.0818 0.0435
0 0.8028 0.5859 0.2778 0.0356
0 0.5540 0.5929 0.0302 0.0191
0 0.1532 0.6274 0.1730 0.0271
0 0.3231 0.6279 0.1378 0.0309
0 0.4496 0.6286 0.0853 0.0295
0 0.5788 0.6335 0.1604 0.0421
0 0.6701 0.6360 0.0234 0.0164
0 0.1563 0.6767 0.1847 0.0562
0 0.3624 0.6804 0.1887 0.0552
0 0.5248 0.6821 0.0830 0.0393
0 0.6230 0.6861 0.0904 0.0472
0 0.7866 0.6883 0.1981 0.0433
0 0.8916 0.6950 0.0221 0.0177
0 0.0937 0.7335 0.0735 0.0449
0 0.1440 0.7758 0.1629 0.0323
0 0.1320 0.8247 0.1501 0.0577
0 0.3420 0.8323 0.2451 0.0452
0 0.2696 0.7840 0.0725 0.0486
0 0.3988 0.7850 0.1726 0.0478
0 0.2910 0.7326 0.2988 0.0429
0 0.5148 0.7362 0.0878 0.0474
0 0.4545 0.7398 0.0312 0.0240
0 0.4943 0.7909 0.0276 0.0235
0 0.7141 0.7284 0.2865 0.0345
0 0.6875 0.7858 0.1777 0.0438
0 0.5442 0.7858 0.0746 0.0467
0 0.7844 0.7871 0.0189 0.0159
0 0.7930 0.8332 0.2916 0.0414
0 0.5521 0.8305 0.1542 0.0387
0 0.0946 0.8722 0.0781 0.0333
0 0.2769 0.8739 0.2676 0.0588
0 0.4959 0.8833 0.1445 0.0527
0 0.6478 0.8698 0.1151 0.0368
0 0.8455 0.8745 0.2298 0.0379
0 0.1851 0.2047 0.2035 0.0512
