0 0.4659 0.1198 0.1457 0.0535
0 0.6133 0.1099 0.1099 0.0392
0 0.1891 0.2144 0.1838 0.0316
0 0.3343 0.2042 0.0631 0.0196
0 0.4690 0.2034 0.1740 0.0429
0 0.5586 0.2108 0.0228 0.0188
0 0.6038 0.1982 0.0631 0.0241
0 0.7035 0.1950 0.1349 0.0316
0 0.8260 0.1927 0.1131 0.0354
0 0.8817 0.1964 0.0218 0.0151
0 0.0829 0.2475 0.0631 0.0256
0 0.2201 0.2495 0.1958 0.0407
0 0.3225 0.2511 0.0283 0.0188
0 0.3640 0.2374 0.0696 0.0249
0 0.4364 0.2311 0.0479 0.0233
0 0.5291 0.2330 0.1305 0.0437
0 0.6499 0.2233 0.0859 0.0271
0 0.7298 0.2190 0.0707 0.0241
0 0.8525 0.2192 0.1827 0.0384
0 0.1645 0.2804 0.2012 0.0414
0 0.3451 0.2825 0.1457 0.0399
0 0.5497 0.2739 0.2328 0.0339
0 0.6698 0.2743 0.0228 0.0181
0 0.7625 0.2709 0.1555 0.0362
0 0.8771 0.2607 0.0653 0.0241
0 0.1194 0.3133 0.1055 0.0294
0 0.1815 0.3152 0.0185 0.0166
0 0.2268 0.3089 0.0674 0.0233
0 0.3030 0.3072 0.0783 0.0339
0 0.4073 0.3075 0.1175 0.0316
0 0.4673 0.3085 0.0152 0.0143
0 0.5057 0.3000 0.0642 0.0279
0 0.7217 0.3018 0.3546 0.0369
0 0.1918 0.3442 0.1892 0.0384
0 0.4103 0.3415 0.2317 0.0414
0 0.6921 0.3317 0.3230 0.0384
0 0.1374 0.3806 0.1914 0.0444
0 0.3229 0.3742 0.1708 0.0233
0 0.6188 0.3619 0.2404 0.0377
0 0.8667 0.3594 0.2306 0.0354
0 0.1325 0.4101 0.1512 0.0286
0 0.2799 0.4089 0.1099 0.0316
0 0.3412 0.4137 0.0185 0.0218
0 0.4249 0.4009 0.1414 0.0241
0 0.6130 0.3966 0.1816 0.0377
0 0.1876 0.4446 0.2697 0.0392
0 0.3719 0.4421 0.0827 0.0369
0 0.4844 0.4394 0.1327 0.0316
0 0.6196 0.4435 0.1142 0.0369
0 0.7827 0.4316 0.1653 0.0354
0 0.1550 0.4709 0.2349 0.0362
0 0.3148 0.4667 0.0935 0.0362
0 0.4469 0.4638 0.1577 0.0249
0 0.6138 0.4646 0.1664 0.0264
0 0.7619 0.4590 0.1294 0.0264
0 0.8221 0.4670 0.0359 0.0173
0 0.8959 0.4513 0.1251 0.0249
0 0.1170 0.5019 0.1479 0.0399
0 0.3313 0.4926 0.2654 0.0324
0 0.4579 0.4939 0.0185 0.0211
0 0.5613 0.4928 0.1838 0.0301
0 0.7043 0.4915 0.1142 0.0301
0 0.7611 0.4955 0.0250 0.0188
0 0.8424 0.4836 0.1349 0.0256
0 0.1232 0.5274 0.1436 0.0354
0 0.3209 0.5233 0.2752 0.0467
0 0.4514 0.5262 0.0250 0.0218
0 0.5438 0.5142 0.1599 0.0256
0 0.6852 0.5114 0.1066 0.0256
0 0.8394 0.5153 0.2066 0.0362
0 0.1621 0.5499 0.2186 0.0414
0 0.1819 0.5835 0.2110 0.0392
0 0.3292 0.5836 0.0696 0.0422
0 0.4772 0.5750 0.2045 0.0444
0 0.6568 0.5789 0.1664 0.0384
0 0.8504 0.5806 0.2230 0.0362
0 0.9675 0.5775 0.0239 0.0188
0 0.1156 0.6162 0.1479 0.0407
0 0.2535 0.6162 0.1099 0.0324
0 0.4431 0.6069 0.2001 0.0444
0 0.7006 0.6105 0.2817 0.0459
0 0.9121 0.6084 0.1381 0.0362
0 0.0837 0.6407 0.0979 0.0286
0 0.1949 0.6413 0.1120 0.0354
0 0.3134 0.6371 0.0990 0.0354
0 0.3540 0.6476 0.0163 0.0173
0 0.4410 0.6364 0.1349 0.0339
0 0.6211 0.6380 0.2034 0.0316
0 0.7664 0.6387 0.1022 0.0301
0 0.8929 0.6339 0.1468 0.0316
0 0.1062 0.6658 0.1457 0.0482
0 0.2802 0.6624 0.1827 0.0249
0 0.4491 0.6641 0.1120 0.0309
0 0.6007 0.6634 0.1653 0.0324
0 0.7536 0.6651 0.1044 0.0218
0 0.8430 0.6735 0.0555 0.0414
0 0.9246 0.6734 0.0881 0.0384
0 0.9678 0.6781 0.0272 0.0173
0 0.0667 0.7023 0.0696 0.0407
0 0.1832 0.6917 0.1414 0.0279
0 0.3219 0.6961 0.1077 0.0256
0 0.4170 0.6927 0.0674 0.0354
0 0.6070 0.6940 0.2251 0.0324
0 0.7819 0.6940 0.1055 0.0241
0 0.9158 0.6976 0.1316 0.0286
0 0.0656 0.7229 0.0729 0.0264
0 0.1048 0.7372 0.0207 0.0188
0 0.1509 0.7233 0.0489 0.0271
0 0.2625 0.7240 0.1501 0.0286
0 0.4063 0.7250 0.1099 0.0279
0 0.5754 0.7242 0.1925 0.0316
0 0.7189 0.7354 0.0740 0.0346
0 0.8197 0.7280 0.1088 0.0226
0 0.9250 0.7216 0.0555 0.0294
0 0.0851 0.7622 0.1425 0.0467
0 0.2178 0.7551 0.1022 0.0241
0 0.3638 0.7575 0.1610 0.0316
0 0.4879 0.7605 0.0620 0.0377
0 0.6037 0.7548 0.1740 0.0429
0 0.7862 0.7615 0.1751 0.0369
0 0.9193 0.7661 0.0663 0.0490
0 0.0825 0.7900 0.1512 0.0384
0 0.2203 0.7849 0.0990 0.0226
0 0.3175 0.7822 0.0740 0.0256
0 0.4003 0.7871 0.0729 0.0354
0 0.5171 0.7865 0.1621 0.0369
0 0.6441 0.7820 0.0576 0.0196
0 0.1062 0.8203 0.1457 0.0490
0 0.2523 0.8209 0.1240 0.0362
0 0.3721 0.8255 0.0663 0.0399
0 0.4834 0.8248 0.1501 0.0384
0 0.5950 0.8228 0.0511 0.0233
0 0.6253 0.8302 0.0228 0.0188
0 0.6713 0.8347 0.0620 0.0444
0 0.8483 0.8303 0.2882 0.0384
0 0.0480 0.8634 0.0848 0.0490
0 0.1989 0.8529 0.1784 0.0392
0 0.3678 0.8500 0.1273 0.0279
0 0.4932 0.8567 0.0892 0.0384
0 0.5387 0.8632 0.0163 0.0181
0 0.6377 0.8557 0.1642 0.0226
0 0.7841 0.8653 0.1099 0.0362
0 0.9230 0.8648 0.1349 0.0324
0 0.8461 0.8729 0.0228 0.0181
0 0.0575 0.8947 0.1011 0.0505
0 0.1566 0.8903 0.0576 0.0444
0 0.3282 0.8839 0.2676 0.0316
0 0.4773 0.8910 0.0185 0.0181
0 0.5177 0.8945 0.0576 0.0362
0 0.6626 0.8864 0.2197 0.0339
0 0.8331 0.8952 0.0968 0.0294
0 0.0914 0.9212 0.1577 0.0369
0 0.2839 0.9189 0.1762 0.0490
0 0.3775 0.9224 0.0218 0.0143
0 0.4253 0.9213 0.0533 0.0399
0 0.5678 0.9185 0.2023 0.0286
0 0.7330 0.9187 0.1077 0.0264
0 0.8463 0.9286 0.1120 0.0294
0 0.9332 0.9319 0.0609 0.0249
0 0.0911 0.9505 0.1599 0.0316
