0 0.2061 0.1161 0.1929 0.0405
0 0.3974 0.1121 0.1504 0.0297
0 0.5311 0.1144 0.0733 0.0260
0 0.6252 0.1127 0.1475 0.0282
0 0.7417 0.1078 0.0723 0.0184
0 0.7856 0.1099 0.0212 0.0087
0 0.8432 0.1108 0.0752 0.0298
0 0.9296 0.1048 0.0897 0.0206
0 0.2017 0.1450 0.2700 0.0260
0 0.3876 0.1461 0.0974 0.0255
0 0.5338 0.1386 0.1842 0.0271
0 0.7022 0.1353 0.1321 0.0179
0 0.8373 0.1358 0.1051 0.0271
0 0.1476 0.1684 0.1842 0.0201
0 0.2910 0.1727 0.1070 0.0260
0 0.3486 0.1732 0.0251 0.0103
0 0.4410 0.1697 0.1514 0.0282
0 0.5863 0.1675 0.1003 0.0266
0 0.7090 0.1674 0.0791 0.0320
0 0.8575 0.1575 0.2150 0.0233
0 0.1344 0.1887 0.1687 0.0190
0 0.2259 0.1971 0.0212 0.0109
0 0.2812 0.1974 0.0569 0.0309
0 0.4372 0.1853 0.2411 0.0233
0 0.6236 0.1872 0.0916 0.0217
0 0.7881 0.1824 0.1957 0.0288
0 0.1479 0.2122 0.1957 0.0271
0 0.2510 0.2157 0.0242 0.0092
0 0.3078 0.2175 0.0685 0.0239
0 0.4539 0.2092 0.2218 0.0212
0 0.6383 0.2061 0.1099 0.0206
0 0.7746 0.2036 0.1186 0.0212
0 0.8921 0.1987 0.0704 0.0168
0 0.1168 0.2355 0.1254 0.0239
0 0.2985 0.2341 0.1609 0.0293
0 0.4597 0.2333 0.1389 0.0250
0 0.5735 0.2282 0.0636 0.0146
0 0.6605 0.2325 0.0627 0.0260
0 0.7826 0.2283 0.1707 0.0233
0 0.8785 0.2307 0.0347 0.0141
0 0.9309 0.2234 0.0646 0.0190
0 0.1563 0.2602 0.2015 0.0315
0 0.2659 0.2637 0.0289 0.0136
0 0.3157 0.2641 0.0675 0.0282
0 0.4567 0.2536 0.2218 0.0212
0 0.6339 0.2520 0.1205 0.0179
0 0.7560 0.2514 0.0704 0.0222
0 0.8789 0.2478 0.1716 0.0206
0 0.9586 0.2523 0.0312 0.0130
0 0.0913 0.2871 0.0771 0.0326
0 0.2072 0.2883 0.1311 0.0293
0 0.3609 0.2847 0.1273 0.0277
0 0.5506 0.2813 0.1957 0.0320
0 0.7394 0.2768 0.1427 0.0315
0 0.9062 0.2711 0.1707 0.0228
0 0.1565 0.3127 0.2324 0.0255
0 0.4018 0.3113 0.2064 0.0309
0 0.5896 0.3094 0.1543 0.0298
0 0.7234 0.3014 0.0800 0.0222
0 0.8920 0.2986 0.2090 0.0277
0 0.1326 0.3402 0.1707 0.0304
0 0.3348 0.3325 0.1668 0.0260
0 0.5021 0.3331 0.1514 0.0217
0 0.7584 0.3263 0.3307 0.0304
0 0.9311 0.3279 0.0205 0.0141
0 0.0739 0.3589 0.0617 0.0206
0 0.1793 0.3625 0.1225 0.0195
0 0.2941 0.3590 0.0771 0.0152
0 0.4146 0.3564 0.1514 0.0184
0 0.5047 0.3626 0.0289 0.0114
0 0.7227 0.3574 0.4204 0.0342
0 0.2233 0.3871 0.3577 0.0298
0 0.4906 0.3830 0.1562 0.0244
0 0.7408 0.3777 0.3037 0.0277
0 0.9354 0.3692 0.0791 0.0163
0 0.1034 0.4152 0.1263 0.0304
0 0.2512 0.4122 0.1302 0.0244
0 0.4759 0.4063 0.2767 0.0293
0 0.2110 0.4440 0.1803 0.0380
0 0.3866 0.4419 0.1176 0.0228
0 0.5686 0.4397 0.2121 0.0212
0 0.8152 0.4366 0.2526 0.0315
0 0.1202 0.4851 0.1543 0.0342
0 0.2088 0.4878 0.0231 0.0174
0 0.2674 0.4857 0.0627 0.0353
0 0.4688 0.4771 0.3626 0.0374
0 0.6522 0.4740 0.0239 0.0146
0 0.8400 0.4632 0.3189 0.0320
0 0.0789 0.5146 0.1022 0.0320
0 0.2207 0.5360 0.2497 0.0304
0 0.3639 0.5326 0.0222 0.0125
0 0.4144 0.5323 0.0704 0.0201
0 0.5427 0.5289 0.1466 0.0217
0 0.6121 0.5368 0.0270 0.0125
0 0.6691 0.5317 0.0771 0.0163
0 0.8253 0.5339 0.2227 0.0260
0 0.1294 0.5645 0.1755 0.0206
0 0.2977 0.5599 0.0926 0.0282
0 0.4151 0.5658 0.1552 0.0260
0 0.5965 0.5660 0.1986 0.0293
0 0.7663 0.5642 0.0964 0.0174
0 0.9140 0.5667 0.1697 0.0222
0 0.0748 0.5934 0.1080 0.0201
0 0.2075 0.5937 0.1456 0.0179
0 0.2964 0.5976 0.0260 0.0146
0 0.3710 0.5942 0.1254 0.0217
0 0.5632 0.5950 0.2459 0.0206
0 0.8148 0.5982 0.2073 0.0326
0 0.0901 0.6236 0.1331 0.0250
0 0.1564 0.6270 0.0212 0.0152
0 0.3408 0.6274 0.3539 0.0326
0 0.5808 0.6244 0.0839 0.0239
0 0.7353 0.6293 0.1929 0.0336
0 0.8551 0.6229 0.0714 0.0320
