0 0.1166 0.1237 0.0943 0.0252
0 0.2314 0.1240 0.0627 0.0287
0 0.4061 0.1217 0.2539 0.0184
0 0.5462 0.1276 0.0229 0.0108
0 0.5874 0.1233 0.0498 0.0216
0 0.7159 0.1220 0.2012 0.0189
0 0.8611 0.1211 0.0667 0.0200
0 0.1593 0.1472 0.1603 0.0249
0 0.3545 0.1463 0.1812 0.0232
0 0.4791 0.1472 0.0498 0.0249
0 0.6192 0.1423 0.1912 0.0151
0 0.7822 0.1426 0.1006 0.0157
0 0.1329 0.1654 0.0936 0.0141
0 0.2551 0.1648 0.0657 0.0157
0 0.3583 0.1689 0.1165 0.0211
0 0.5110 0.1663 0.1275 0.0270
0 0.6480 0.1651 0.1016 0.0303
0 0.7427 0.1656 0.0438 0.0173
0 0.8059 0.1708 0.0617 0.0249
0 0.8965 0.1705 0.1235 0.0243
0 0.1004 0.1921 0.0647 0.0260
0 0.2352 0.1924 0.1982 0.0238
0 0.3939 0.1924 0.0627 0.0238
0 0.5331 0.1880 0.1912 0.0205
0 0.7121 0.1884 0.0936 0.0157
0 0.7954 0.1916 0.0657 0.0222
0 0.8968 0.1911 0.1464 0.0211
0 0.9639 0.1968 0.0279 0.0130
0 0.0991 0.2155 0.0538 0.0227
0 0.2243 0.2155 0.1514 0.0254
0 0.3916 0.2132 0.1026 0.0265
0 0.5599 0.2127 0.1643 0.0281
0 0.7129 0.2119 0.1036 0.0238
0 0.8820 0.2124 0.2251 0.0249
0 0.1035 0.2331 0.0737 0.0135
0 0.2719 0.2335 0.1633 0.0281
0 0.4390 0.2372 0.1225 0.0216
0 0.5645 0.2319 0.0707 0.0222
0 0.6940 0.2347 0.1713 0.0195
0 0.8708 0.2353 0.1583 0.0205
0 0.1338 0.2547 0.1066 0.0232
0 0.2774 0.2609 0.1215 0.0189
0 0.5150 0.2602 0.2689 0.0232
0 0.6582 0.2607 0.0219 0.0130
0 0.7122 0.2553 0.0578 0.0189
0 0.8073 0.2567 0.1036 0.0189
0 0.9055 0.2548 0.0777 0.0151
0 0.1277 0.2776 0.1165 0.0162
0 0.2067 0.2829 0.0189 0.0103
0 0.2900 0.2822 0.1384 0.0227
0 0.3722 0.2851 0.0249 0.0146
0 0.4963 0.2819 0.2121 0.0222
0 0.6673 0.2816 0.0986 0.0216
0 0.8311 0.2808 0.2261 0.0227
0 0.1496 0.3046 0.1464 0.0260
0 0.4014 0.3058 0.2778 0.0254
0 0.5910 0.3006 0.0598 0.0151
0 0.6879 0.3055 0.1315 0.0249
0 0.8299 0.3041 0.1265 0.0276
0 0.1951 0.3238 0.2569 0.0254
0 0.2041 0.3509 0.1554 0.0324
0 0.3491 0.3488 0.0926 0.0281
0 0.4988 0.3486 0.1643 0.0222
0 0.7759 0.3499 0.3436 0.0276
0 0.0955 0.3760 0.0578 0.0270
0 0.2604 0.3752 0.2958 0.0281
0 0.4073 0.3754 0.0229 0.0146
0 0.4767 0.3711 0.1145 0.0200
0 0.6506 0.3713 0.1872 0.0260
0 0.1776 0.3941 0.1802 0.0216
0 0.2973 0.3951 0.0279 0.0124
0 0.3420 0.3947 0.0617 0.0200
0 0.4502 0.3939 0.1255 0.0184
0 0.5174 0.3993 0.0209 0.0097
0 0.5619 0.3931 0.0627 0.0168
0 0.6937 0.3930 0.1902 0.0249
0 0.8656 0.3919 0.1424 0.0200
0 0.1048 0.4147 0.0707 0.0238
0 0.2191 0.4213 0.1215 0.0232
0 0.3927 0.4204 0.1743 0.0297
0 0.5176 0.4155 0.0657 0.0227
0 0.6807 0.4183 0.2141 0.0227
0 0.8578 0.4164 0.1295 0.0189
0 0.9139 0.4215 0.0279 0.0124
0 0.1167 0.4433 0.0946 0.0254
0 0.2857 0.4408 0.1992 0.0205
0 0.4925 0.4396 0.1683 0.0319
0 0.7264 0.4458 0.0279 0.0138
0 0.6607 0.4422 0.1215 0.0205
0 0.8396 0.4405 0.2041 0.0254
0 0.1240 0.4685 0.1175 0.0287
0 0.2395 0.4636 0.0707 0.0243
0 0.3823 0.4652 0.1673 0.0276
0 0.4749 0.4597 0.0304 0.0222
