0 0.0826 0.0294 0.0625 0.0394
0 0.2580 0.0318 0.2215 0.0331
0 0.4297 0.0233 0.0954 0.0244
0 0.6048 0.0191 0.2068 0.0300
0 0.7025 0.0291 0.0273 0.0221
0 0.7473 0.0221 0.0557 0.0221
0 0.8760 0.0217 0.1659 0.0268
0 0.0716 0.0701 0.0988 0.0292
0 0.2356 0.0715 0.1795 0.0347
0 0.3821 0.0695 0.0613 0.0363
0 0.4836 0.0610 0.1034 0.0221
0 0.6261 0.0529 0.0523 0.0307
0 0.7286 0.0656 0.1295 0.0339
0 0.8665 0.0569 0.1079 0.0276
0 0.1165 0.1201 0.1829 0.0402
0 0.2517 0.1169 0.0534 0.0394
0 0.3990 0.1042 0.1840 0.0418
0 0.6122 0.0985 0.1965 0.0276
0 0.7858 0.0907 0.0966 0.0426
0 0.9115 0.0870 0.1591 0.0323
0 0.9737 0.0965 0.0307 0.0237
0 0.0956 0.1545 0.1272 0.0339
0 0.2093 0.1546 0.0659 0.0371
0 0.3357 0.1513 0.1602 0.0386
0 0.4690 0.1362 0.0602 0.0252
0 0.6202 0.1328 0.1431 0.0378
0 0.7947 0.1292 0.1534 0.0418
0 0.0828 0.1969 0.0738 0.0410
0 0.1940 0.1957 0.1659 0.0331
0 0.3235 0.1856 0.0636 0.0268
0 0.3667 0.1926 0.0250 0.0323
0 0.4246 0.1834 0.0602 0.0307
0 0.6561 0.1745 0.3511 0.0434
0 0.8916 0.1604 0.0693 0.0237
0 0.1036 0.2348 0.1738 0.0363
0 0.2583 0.2308 0.1250 0.0339
0 0.3791 0.2306 0.0943 0.0363
0 0.4331 0.2356 0.0273 0.0268
0 0.5482 0.2213 0.2159 0.0260
0 0.7056 0.2173 0.1057 0.0402
0 0.7660 0.2229 0.0375 0.0237
0 0.8837 0.2126 0.1840 0.0363
0 0.1136 0.2844 0.1023 0.0355
0 0.1662 0.2898 0.0352 0.0268
0 0.2645 0.2725 0.0818 0.0394
0 0.4910 0.2564 0.3181 0.0434
0 0.6540 0.2588 0.0329 0.0315
0 0.7121 0.2537 0.0659 0.0323
0 0.8746 0.2408 0.2409 0.0315
0 0.1007 0.3160 0.1182 0.0292
0 0.2766 0.3175 0.1920 0.0378
0 0.5134 0.3094 0.2295 0.0465
0 0.6312 0.3102 0.0318 0.0205
0 0.6953 0.3018 0.0795 0.0426
0 0.8750 0.2932 0.2306 0.0307
0 0.1176 0.3569 0.1602 0.0276
0 0.2766 0.3555 0.0670 0.0276
0 0.4234 0.3531 0.1829 0.0339
0 0.7495 0.3342 0.1602 0.0378
0 0.1065 0.4022 0.1409 0.0489
0 0.2418 0.3924 0.0613 0.0292
0 0.3405 0.3951 0.0670 0.0347
0 0.4889 0.3801 0.1750 0.0323
0 0.5742 0.3898 0.0261 0.0213
0 0.6416 0.3820 0.0693 0.0363
0 0.7985 0.3777 0.2443 0.0386
0 0.9105 0.3862 0.0432 0.0307
0 0.0793 0.4422 0.0670 0.0315
0 0.2577 0.4326 0.2431 0.0347
0 0.3800 0.4337 0.0295 0.0229
0 0.4635 0.4170 0.1159 0.0284
0 0.5749 0.4178 0.0693 0.0300
0 0.6901 0.4161 0.1579 0.0434
0 0.7723 0.4184 0.0307 0.0229
0 0.8336 0.4110 0.0784 0.0276
0 0.1157 0.4755 0.1647 0.0371
0 0.2054 0.4664 0.0329 0.0355
0 0.3249 0.4685 0.1386 0.0426
0 0.5217 0.4594 0.2045 0.0355
0 0.6994 0.4527 0.1238 0.0386
0 0.8609 0.4455 0.1829 0.0355
0 0.1355 0.5169 0.2181 0.0394
0 0.3791 0.5056 0.2193 0.0418
0 0.5834 0.4947 0.1556 0.0394
0 0.7104 0.4821 0.0625 0.0252
0 0.8691 0.4816 0.2215 0.0410
0 0.1163 0.5628 0.1716 0.0394
0 0.2026 0.5634 0.0329 0.0213
0 0.2867 0.5517 0.1261 0.0339
0 0.4454 0.5404 0.1409 0.0307
0 0.7088 0.5245 0.3454 0.0434
0 0.8848 0.5190 0.0307 0.0213
0 0.0540 0.6013 0.0579 0.0331
0 0.1730 0.5957 0.1431 0.0331
0 0.3071 0.5789 0.0613 0.0244
0 0.4463 0.5717 0.1647 0.0268
0 0.5294 0.5783 0.0477 0.0315
0 0.5757 0.5509 0.0932 0.0378
0 0.6904 0.5617 0.1920 0.0512
0 0.8745 0.5534 0.1602 0.0457
0 0.1495 0.6351 0.2295 0.0536
0 0.3498 0.6227 0.1329 0.0371
0 0.6325 0.6104 0.3567 0.0457
0 0.8454 0.5965 0.0602 0.0292
0 0.1134 0.6759 0.1352 0.0378
0 0.3053 0.6640 0.1579 0.0363
0 0.5651 0.6518 0.3386 0.0426
0 0.7306 0.6410 0.0307 0.0181
0 0.1947 0.7106 0.1534 0.0434
0 0.3709 0.6977 0.1363 0.0371
0 0.5456 0.6921 0.1772 0.0426
0 0.7400 0.6739 0.2022 0.0339
0 0.9144 0.6735 0.1454 0.0386
0 0.0871 0.7560 0.0659 0.0426
0 0.1681 0.7479 0.0557 0.0237
0 0.3570 0.7366 0.2363 0.0371
0 0.4773 0.7352 0.0352 0.0260
0 0.5916 0.7174 0.1443 0.0237
0 0.8009 0.7090 0.2102 0.0512
0 0.1927 0.7895 0.2465 0.0457
0 0.3355 0.7690 0.0432 0.0268
0 0.4041 0.7763 0.1443 0.0331
0 0.4841 0.7668 0.0432 0.0252
0 0.5399 0.7654 0.0659 0.0307
0 0.6963 0.7637 0.2204 0.0497
0 0.8836 0.7531 0.1534 0.0284
0 0.0857 0.8282 0.0852 0.0426
0 0.1957 0.8270 0.1386 0.0457
0 0.3658 0.8138 0.1761 0.0386
0 0.5143 0.7995 0.0648 0.0378
0 0.6750 0.8030 0.2306 0.0394
0 0.1193 0.8650 0.1386 0.0355
0 0.1882 0.8715 0.0375 0.0237
0 0.2788 0.8569 0.1159 0.0276
0 0.4804 0.8425 0.2386 0.0378
0 0.6972 0.8281 0.1500 0.0339
0 0.8333 0.8239 0.1250 0.0339
0 0.2269 0.8931 0.3704 0.0528
0 0.4861 0.8731 0.0750 0.0323
0 0.6525 0.8693 0.2022 0.0442
0 0.7639 0.8608 0.0557 0.0355
0 0.4342 0.9505 0.2045 0.0371
0 0.6253 0.9392 0.1284 0.0394
