0 0.1701 0.0889 0.1430 0.0389
0 0.2935 0.0969 0.1065 0.0270
0 0.3777 0.1002 0.0526 0.0254
0 0.4367 0.1019 0.0595 0.0232
0 0.5364 0.1000 0.1284 0.0195
0 0.6068 0.1056 0.0163 0.0141
0 0.6423 0.0992 0.0595 0.0178
0 0.7612 0.0943 0.1697 0.0330
0 0.8588 0.0945 0.0259 0.0141
0 0.1217 0.1161 0.0518 0.0238
0 0.2548 0.1240 0.1957 0.0314
0 0.4127 0.1237 0.0921 0.0141
0 0.4971 0.1286 0.0497 0.0184
0 0.5821 0.1283 0.1142 0.0232
0 0.6481 0.1340 0.0211 0.0124
0 0.6787 0.1330 0.0547 0.0216
0 0.7659 0.1308 0.1152 0.0227
0 0.1243 0.1337 0.0931 0.0341
0 0.2479 0.1471 0.1459 0.0276
0 0.3842 0.1518 0.1074 0.0341
0 0.5772 0.1561 0.2599 0.0232
0 0.7965 0.1544 0.1764 0.0227
0 0.1346 0.1603 0.1248 0.0373
0 0.2502 0.1727 0.0614 0.0232
0 0.3800 0.1785 0.1822 0.0265
0 0.5463 0.1832 0.1371 0.0276
0 0.6199 0.1887 0.0259 0.0108
0 0.6893 0.1872 0.1313 0.0216
0 0.8269 0.1872 0.1315 0.0243
0 0.1808 0.1883 0.2227 0.0460
0 0.3371 0.2036 0.0547 0.0184
0 0.4269 0.2100 0.1094 0.0200
0 0.5426 0.2080 0.1075 0.0216
0 0.6014 0.2165 0.0278 0.0135
0 0.6742 0.2155 0.1373 0.0227
0 0.8572 0.2155 0.1977 0.0227
0 0.1180 0.2082 0.1026 0.0303
0 0.2493 0.2195 0.1430 0.0335
0 0.4054 0.2321 0.1525 0.0308
0 0.5602 0.2398 0.1371 0.0351
0 0.7024 0.2433 0.1353 0.0254
0 0.8311 0.2431 0.0650 0.0141
0 0.1108 0.2329 0.0854 0.0324
0 0.2922 0.2469 0.2428 0.0411
0 0.1772 0.2686 0.1517 0.0400
0 0.2995 0.2826 0.0768 0.0319
0 0.4165 0.2899 0.1246 0.0243
0 0.5803 0.2989 0.1939 0.0395
0 0.7485 0.3055 0.1248 0.0249
0 0.8203 0.3159 0.0211 0.0151
0 0.8572 0.3119 0.0643 0.0265
0 0.0977 0.2871 0.0816 0.0324
0 0.2163 0.3042 0.1353 0.0362
0 0.3553 0.3147 0.1161 0.0211
0 0.4972 0.3223 0.1611 0.0335
0 0.1664 0.3288 0.1689 0.0465
0 0.2872 0.3426 0.0661 0.0157
0 0.3863 0.3468 0.1198 0.0270
0 0.4509 0.3595 0.0240 0.0135
0 0.4825 0.3567 0.0622 0.0189
0 0.6137 0.3654 0.1718 0.0308
0 0.7829 0.3754 0.1603 0.0314
0 0.1124 0.3493 0.0749 0.0292
0 0.2382 0.3656 0.1430 0.0395
0 0.3866 0.3814 0.1565 0.0406
0 0.5105 0.3919 0.0737 0.0200
0 0.6533 0.4028 0.2150 0.0362
0 0.8326 0.4154 0.1207 0.0308
0 0.1113 0.3774 0.1170 0.0297
0 0.2909 0.3962 0.1957 0.0341
0 0.4717 0.4148 0.1296 0.0378
0 0.5860 0.4290 0.1025 0.0330
0 0.6903 0.4413 0.1085 0.0297
0 0.8717 0.4523 0.2378 0.0351
0 0.1657 0.4173 0.1814 0.0541
