0 0.2017 0.1465 0.2811 0.0513
0 0.3862 0.1551 0.0473 0.0213
0 0.3488 0.1613 0.0114 0.0170
0 0.4767 0.1590 0.0896 0.0262
0 0.5693 0.1545 0.0468 0.0202
0 0.6528 0.1567 0.1000 0.0217
0 0.7124 0.1681 0.0136 0.0250
0 0.7841 0.1636 0.1181 0.0328
0 0.8534 0.1656 0.0123 0.0202
0 0.8058 0.1954 0.2365 0.0325
0 0.6188 0.1914 0.1266 0.0273
0 0.4037 0.1901 0.2601 0.0385
0 0.2606 0.1882 0.0128 0.0180
0 0.1581 0.1777 0.1885 0.0443
0 0.0885 0.2004 0.0491 0.0258
0 0.1766 0.2103 0.0948 0.0318
0 0.3064 0.2161 0.1127 0.0295
0 0.4960 0.2225 0.2447 0.0339
0 0.6358 0.2285 0.0188 0.0069
0 0.2609 0.2557 0.1107 0.0448
0 0.3773 0.2596 0.0767 0.0415
0 0.5011 0.2684 0.1271 0.0369
0 0.6602 0.2711 0.1649 0.0367
0 0.8137 0.2756 0.1080 0.0346
0 0.8814 0.2841 0.0156 0.0181
0 0.0872 0.2840 0.0467 0.0318
0 0.1507 0.2874 0.0597 0.0304
0 0.2797 0.2941 0.1511 0.0355
0 0.4393 0.3001 0.1204 0.0252
0 0.5914 0.3068 0.1467 0.0386
0 0.6868 0.3092 0.0153 0.0101
0 0.2792 0.3352 0.1695 0.0481
0 0.4047 0.3421 0.0566 0.0259
0 0.4955 0.3416 0.1049 0.0276
0 0.5918 0.3433 0.0558 0.0200
0 0.7147 0.3453 0.1656 0.0296
0 0.8638 0.3507 0.1137 0.0265
0 0.5566 0.3532 0.0104 0.0203
0 0.1055 0.3617 0.0666 0.0400
0 0.2242 0.3772 0.1316 0.0349
0 0.3793 0.3793 0.1448 0.0391
0 0.4880 0.3774 0.0483 0.0298
0 0.6180 0.3838 0.1887 0.0343
0 0.7779 0.3832 0.1057 0.0248
0 0.8367 0.3877 0.0094 0.0198
0 0.9293 0.3643 0.0142 0.0148
0 0.1234 0.4122 0.1134 0.0327
0 0.1295 0.4348 0.0619 0.0252
0 0.2987 0.4136 0.2001 0.0271
0 0.4136 0.4173 0.0106 0.0069
0 0.4879 0.4164 0.1285 0.0328
0 0.6157 0.4263 0.0953 0.0360
0 0.8134 0.4350 0.2656 0.0394
0 0.6684 0.4375 0.0146 0.0194
0 0.3442 0.4380 0.0106 0.0316
0 0.2539 0.4454 0.1523 0.0407
