0 0.3301 0.2703 0.1131 0.0406
0 0.4327 0.2709 0.0737 0.0279
0 0.2510 0.2995 0.1298 0.0406
0 0.3230 0.3018 0.0209 0.0176
0 0.3722 0.3034 0.0444 0.0151
0 0.4706 0.3019 0.1357 0.0315
0 0.5679 0.3003 0.0553 0.0200
0 0.6465 0.3026 0.1013 0.0303
0 0.7432 0.2995 0.0946 0.0212
0 0.8030 0.3034 0.0226 0.0151
0 0.8383 0.2974 0.0544 0.0170
0 0.2219 0.3332 0.1633 0.0303
0 0.4146 0.3309 0.1013 0.0285
0 0.5033 0.3302 0.0511 0.0188
0 0.5837 0.3287 0.0896 0.0157
0 0.6735 0.3267 0.0804 0.0200
0 0.7485 0.3253 0.0553 0.0200
0 0.8311 0.3239 0.0955 0.0200
0 0.2340 0.3584 0.1625 0.0279
0 0.3899 0.3598 0.1131 0.0279
0 0.5086 0.3631 0.1089 0.0291
0 0.5968 0.3571 0.0603 0.0309
0 0.6911 0.3599 0.0988 0.0254
0 0.7689 0.3515 0.0461 0.0170
0 0.8321 0.3561 0.0754 0.0206
0 0.1735 0.3851 0.0442 0.0174
0 0.2366 0.3862 0.0704 0.0252
0 0.2848 0.3895 0.0141 0.0150
0 0.3103 0.3835 0.0456 0.0170
0 0.4706 0.3868 0.2578 0.0402
0 0.2633 0.4109 0.1266 0.0300
0 0.4024 0.4153 0.1354 0.0334
0 0.5967 0.4143 0.1796 0.0286
0 0.7111 0.4124 0.0389 0.0247
0 0.8090 0.4064 0.1541 0.0296
0 0.2090 0.4383 0.1153 0.0155
0 0.3354 0.4377 0.1514 0.0310
0 0.4961 0.4372 0.1561 0.0300
0 0.6091 0.4436 0.0516 0.0233
0 0.7211 0.4354 0.1756 0.0320
0 0.2589 0.4654 0.2178 0.0252
0 0.5094 0.4652 0.2660 0.0388
0 0.6742 0.4624 0.0429 0.0165
0 0.7551 0.4624 0.0992 0.0247
0 0.8515 0.4618 0.0891 0.0320
0 0.2062 0.4946 0.1153 0.0281
0 0.3364 0.4915 0.1534 0.0247
0 0.4563 0.4942 0.0737 0.0218
0 0.5700 0.4922 0.1206 0.0233
0 0.6950 0.4921 0.1206 0.0203
0 0.8004 0.4909 0.0898 0.0262
0 0.1880 0.5203 0.0677 0.0155
0 0.3093 0.3346 0.0214 0.0136
0 0.2884 0.5221 0.1045 0.0247
0 0.4316 0.5205 0.1742 0.0271
0 0.5850 0.5215 0.1005 0.0208
0 0.6942 0.5216 0.0884 0.0237
0 0.7747 0.5165 0.0717 0.0136
0 0.2021 0.5470 0.0958 0.0218
0 0.3449 0.5449 0.1675 0.0315
0 0.5502 0.5448 0.2198 0.0174
0 0.7141 0.5431 0.0811 0.0140
0 0.8177 0.5458 0.1159 0.0305
0 0.1830 0.5726 0.0576 0.0174
0 0.3021 0.5730 0.1541 0.0237
0 0.2801 0.5974 0.1380 0.0310
0 0.3827 0.6002 0.0516 0.0199
0 0.5057 0.5945 0.1642 0.0252
0 0.6379 0.6016 0.0925 0.0281
0 0.7897 0.6018 0.1823 0.0286
0 0.2017 0.6308 0.0951 0.0310
0 0.3098 0.6290 0.0891 0.0247
0 0.4340 0.6210 0.1541 0.0281
0 0.6091 0.6277 0.1876 0.0276
0 0.8053 0.6244 0.1883 0.0237
0 0.1930 0.6522 0.0777 0.0155
0 0.2957 0.6573 0.1025 0.0286
0 0.3846 0.6481 0.0663 0.0184
0 0.4838 0.6497 0.0898 0.0189
0 0.4347 0.6540 0.0194 0.0136
0 0.5891 0.6540 0.1005 0.0247
0 0.6876 0.6494 0.0697 0.0266
0 0.8156 0.6512 0.1756 0.0329
0 0.2131 0.6786 0.1206 0.0155
0 0.3290 0.6735 0.0663 0.0165
0 0.4374 0.6818 0.1193 0.0247
0 0.5506 0.6767 0.0791 0.0145
0 0.6322 0.6811 0.0616 0.0262
0 0.7459 0.6771 0.0168 0.0126
0 0.7925 0.6841 0.0683 0.0237
0 0.8442 0.6770 0.0717 0.0179
0 0.1872 0.7054 0.0549 0.0136
0 0.2490 0.7284 0.0536 0.0291
0 0.3741 0.7308 0.1843 0.0199
0 0.5145 0.7286 0.0791 0.0155
0 0.6494 0.7279 0.1488 0.0170
0 0.7579 0.7283 0.0409 0.0121
0 0.7296 0.7332 0.0147 0.0165
0 0.8435 0.7325 0.1065 0.0233
0 0.2024 0.7579 0.0771 0.0131
0 0.3334 0.7576 0.1307 0.0179
0 0.4309 0.7578 0.0563 0.0184
0 0.4958 0.7561 0.0583 0.0150
0 0.5747 0.7499 0.0549 0.0247
0 0.6666 0.7561 0.0998 0.0233
0 0.7721 0.7556 0.0858 0.0140
0 0.2170 0.7843 0.1146 0.0242
0 0.3111 0.7857 0.0583 0.0213
0 0.4238 0.7827 0.1421 0.0237
0 0.5879 0.7826 0.1508 0.0208
0 0.6990 0.7843 0.0730 0.0325
0 0.7906 0.7876 0.1146 0.0252
0 0.2019 0.8098 0.0844 0.0140
0 0.3029 0.8085 0.0697 0.0170
0 0.3812 0.8125 0.0623 0.0223
0 0.4826 0.8102 0.1179 0.0315
0 0.5804 0.8073 0.0442 0.0145
0 0.6363 0.8099 0.0670 0.0281
0 0.7229 0.8086 0.0791 0.0116
0 0.8198 0.8072 0.1146 0.0228
0 0.1882 0.8424 0.0596 0.0237
0 0.3090 0.8374 0.1568 0.0247
0 0.4399 0.8358 0.0992 0.0189
0 0.5324 0.8331 0.0730 0.0329
0 0.2735 0.8597 0.1193 0.0305
0 0.3850 0.8579 0.0978 0.0213
0 0.4768 0.8652 0.0536 0.0194
0 0.5582 0.8615 0.1025 0.0286
0 0.6429 0.8591 0.0441 0.0126
0 0.6744 0.8612 0.0154 0.0140
0 0.7187 0.8658 0.0596 0.0233
0 0.8308 0.8573 0.1588 0.0286
0 0.1875 0.8904 0.0583 0.0170
0 0.2737 0.8908 0.0724 0.0233
0 0.4120 0.8877 0.1628 0.0281
0 0.5464 0.8868 0.1039 0.0208
0 0.6421 0.8842 0.0704 0.0296
0 0.7274 0.8869 0.0965 0.0155
0 0.8140 0.8889 0.0529 0.0305
0 0.8462 0.8939 0.0174 0.0155
