0 0.2898 0.0497 0.2518 0.0633
0 0.5970 0.0717 0.3051 0.0600
0 0.2958 0.0811 0.2444 0.0622
0 0.4963 0.1094 0.0815 0.0411
0 0.6817 0.1250 0.2607 0.0556
0 0.8560 0.1372 0.1037 0.0467
0 0.1975 0.1192 0.0978 0.0467
0 0.4221 0.1411 0.2859 0.0600
0 0.6449 0.1536 0.1703 0.0433
0 0.7952 0.1692 0.1348 0.0411
0 0.3205 0.1683 0.2410 0.0617
0 0.6275 0.1876 0.3077 0.0558
0 0.8594 0.2065 0.1077 0.0408
0 0.2555 0.2083 0.2055 0.0500
0 0.4893 0.2150 0.1898 0.0383
0 0.6772 0.2240 0.1322 0.0425
0 0.8441 0.2382 0.1577 0.0458
0 0.2747 0.2499 0.2633 0.0525
0 0.4883 0.2601 0.1266 0.0508
0 0.7277 0.2714 0.2666 0.0567
0 0.2683 0.2914 0.2422 0.0467
0 0.4850 0.2914 0.1200 0.0383
0 0.7035 0.3061 0.1986 0.0483
0 0.8597 0.3243 0.1222 0.0458
0 0.1947 0.3371 0.0866 0.0492
0 0.3311 0.3446 0.1122 0.0475
0 0.4028 0.3582 0.0444 0.0358
0 0.4850 0.3507 0.0866 0.0458
0 0.6125 0.3474 0.1389 0.0308
0 0.7650 0.3569 0.1189 0.0333
0 0.8414 0.3493 0.0411 0.0542
0 0.1814 0.3743 0.0822 0.0458
0 0.4319 0.3789 0.3221 0.0550
0 0.6953 0.3915 0.1322 0.0358
0 0.8541 0.3976 0.1555 0.0425
0 0.1905 0.4188 0.1200 0.0375
0 0.2631 0.4299 0.0289 0.0375
0 0.3514 0.4265 0.0889 0.0475
0 0.5369 0.4332 0.2322 0.0358
0 0.7436 0.4357 0.1622 0.0325
0 0.2597 0.4701 0.2444 0.0458
0 0.4603 0.4853 0.0844 0.0483
0 0.5919 0.4749 0.1311 0.0275
0 0.7392 0.4719 0.0755 0.0467
0 0.8472 0.4853 0.1166 0.0483
0 0.2119 0.5144 0.1655 0.0400
0 0.4769 0.5244 0.2233 0.0433
0 0.6669 0.5278 0.0922 0.0417
0 0.8236 0.5264 0.2166 0.0500
0 0.2508 0.5731 0.2377 0.0517
0 0.4955 0.5699 0.0911 0.0508
0 0.7141 0.5742 0.2533 0.0483
0 0.1983 0.6088 0.1522 0.0425
0 0.3928 0.6115 0.1411 0.0342
0 0.5438 0.6236 0.0987 0.0500
0 0.7372 0.6262 0.2077 0.0525
0 0.8630 0.6131 0.0733 0.0483
0 0.2683 0.6667 0.2144 0.0583
0 0.5111 0.6619 0.1777 0.0517
0 0.6600 0.6696 0.0811 0.0558
0 0.8247 0.6640 0.2133 0.0475
0 0.1675 0.7137 0.0878 0.0442
0 0.2353 0.7247 0.0455 0.0383
0 0.3392 0.7193 0.0922 0.0608
0 0.6547 0.7078 0.4232 0.0517
0 0.1841 0.7739 0.1544 0.0617
0 0.4083 0.7650 0.2555 0.0633
0 0.5478 0.7622 0.0344 0.0217
0 0.6928 0.7475 0.1966 0.0617
0 0.8647 0.7511 0.1155 0.0550
0 0.2424 0.8124 0.2432 0.0442
0 0.4636 0.8119 0.1355 0.0600
0 0.5292 0.8115 0.0389 0.0342
0 0.6814 0.8086 0.2211 0.0617
0 0.8511 0.8047 0.1077 0.0567
0 0.1661 0.8636 0.0989 0.0550
0 0.4624 0.8533 0.4054 0.0483
0 0.7480 0.8578 0.0878 0.0517
0 0.8794 0.8382 0.1200 0.0458
0 0.2527 0.9115 0.2777 0.0425
0 0.4941 0.9028 0.1466 0.0333
0 0.6786 0.8663 0.0322 0.0242
0 0.7328 0.8994 0.2155 0.0517
