0 0.1592 0.1355 0.0850 0.0654
0 0.2584 0.1399 0.0613 0.0548
0 0.1112 0.1702 0.1196 0.0433
0 0.1959 0.1816 0.0418 0.0327
0 0.3065 0.1870 0.1379 0.0490
0 0.4023 0.1802 0.0490 0.0327
0 0.1089 0.2176 0.0901 0.0490
0 0.1944 0.2138 0.0750 0.0442
0 0.2681 0.2066 0.0418 0.0327
0 0.3856 0.2221 0.1600 0.0442
0 0.4483 0.2268 0.0216 0.0202
0 0.1243 0.2396 0.0375 0.0375
0 0.1906 0.2481 0.0922 0.0461
0 0.2289 0.2537 0.0216 0.0269
0 0.2697 0.2428 0.0533 0.0356
0 0.3719 0.2451 0.1160 0.0346
0 0.1222 0.2697 0.0750 0.0365
0 0.2273 0.2724 0.0490 0.0336
0 0.3285 0.2705 0.1153 0.0327
0 0.1601 0.3010 0.1369 0.0548
0 0.2742 0.3100 0.0901 0.0394
0 0.4030 0.3148 0.1477 0.0519
0 0.1131 0.3444 0.0901 0.0500
0 0.2048 0.3385 0.0512 0.0269
0 0.2886 0.3358 0.0800 0.0327
0 0.3251 0.3481 0.0223 0.0240
0 0.3943 0.3358 0.0468 0.0327
0 0.1160 0.3730 0.1153 0.0433
0 0.2228 0.3760 0.0872 0.0548
0 0.2519 0.3819 0.0260 0.0250
0 0.3150 0.3668 0.0605 0.0364
0 0.4314 0.3721 0.1434 0.0442
0 0.1162 0.4078 0.1103 0.0461
0 0.1686 0.4321 0.1427 0.0586
0 0.3493 0.4397 0.1931 0.0461
0 0.1443 0.4680 0.1802 0.0471
0 0.2739 0.4694 0.0728 0.0471
0 0.3844 0.4652 0.1326 0.0471
0 0.1435 0.4917 0.1369 0.0250
0 0.3412 0.4963 0.1823 0.0481
0 0.1511 0.5370 0.1773 0.0490
0 0.2646 0.5365 0.0404 0.0452
0 0.3924 0.5324 0.1931 0.0481
0 0.1295 0.5584 0.0922 0.0308
0 0.2660 0.5606 0.1542 0.0461
0 0.1894 0.5998 0.2205 0.0663
0 0.3269 0.5867 0.0454 0.0346
0 0.4160 0.5873 0.1153 0.0413
0 0.0971 0.6310 0.0692 0.0509
0 0.1998 0.6317 0.1052 0.0606
0 0.3765 0.6201 0.1946 0.0375
0 0.0947 0.6667 0.0728 0.0500
0 0.1160 0.6906 0.0793 0.0423
0 0.2265 0.7048 0.1196 0.0596
0 0.2054 0.6596 0.1303 0.0413
0 0.3463 0.6625 0.1038 0.0529
0 0.4446 0.6550 0.0865 0.0461
0 0.4050 0.6903 0.1877 0.0529
0 0.4835 0.7024 0.0254 0.0298
0 0.1138 0.7168 0.1137 0.0336
0 0.2225 0.7260 0.0867 0.0519
0 0.3342 0.7196 0.1129 0.0336
0 0.1145 0.7607 0.0957 0.0519
0 0.3027 0.7527 0.2109 0.0471
0 0.1775 0.7832 0.1189 0.0442
0 0.2941 0.7812 0.0965 0.0346
0 0.4081 0.7952 0.1578 0.0654
0 0.1519 0.8233 0.1787 0.0606
0 0.1952 0.8585 0.1376 0.0586
0 0.3140 0.8659 0.0531 0.0567
0 0.4247 0.8586 0.1660 0.0673
0 0.6200 0.1626 0.2317 0.0586
0 0.7911 0.1564 0.1017 0.0461
0 0.8996 0.1568 0.1047 0.0442
0 0.6227 0.1855 0.1204 0.0433
0 0.7754 0.1913 0.1757 0.0548
0 0.5884 0.2223 0.1518 0.0557
0 0.7475 0.2135 0.1172 0.0298
0 0.8693 0.2170 0.1024 0.0452
0 0.5721 0.2437 0.0636 0.0346
0 0.6711 0.2469 0.1144 0.0356
0 0.7963 0.2528 0.1398 0.0529
0 0.5941 0.2749 0.1660 0.0471
0 0.7514 0.2761 0.1279 0.0356
0 0.8477 0.2737 0.0620 0.0308
0 0.5919 0.3026 0.0950 0.0413
0 0.7741 0.3168 0.0426 0.0557
0 0.8263 0.3116 0.0665 0.0509
0 0.8955 0.3147 0.0494 0.0461
0 0.5698 0.3349 0.0785 0.0336
0 0.6784 0.3304 0.1234 0.0442
0 0.7378 0.3319 0.0479 0.0471
0 0.8596 0.3213 0.0247 0.0260
0 0.8535 0.3374 0.1653 0.0442
0 0.5338 0.3715 0.0621 0.0346
0 0.6370 0.3715 0.1323 0.0375
0 0.7081 0.3811 0.0217 0.0288
0 0.7322 0.3668 0.0366 0.0336
0 0.7877 0.3762 0.0920 0.0384
0 0.8878 0.3695 0.0867 0.0308
0 0.5598 0.4005 0.1002 0.0288
0 0.6463 0.4110 0.0426 0.0442
0 0.6962 0.3981 0.0591 0.0240
0 0.7693 0.3947 0.0359 0.0365
0 0.8195 0.4065 0.0890 0.0490
0 0.8980 0.3978 0.0710 0.0288
0 0.5521 0.4341 0.0875 0.0433
0 0.6168 0.4407 0.0336 0.0509
0 0.6895 0.4328 0.1039 0.0490
0 0.7959 0.4335 0.1002 0.0365
0 0.8784 0.4380 0.0456 0.0509
0 0.9362 0.4377 0.0890 0.0365
0 0.5434 0.4631 0.0591 0.0317
0 0.6633 0.4616 0.0516 0.0288
0 0.7136 0.4779 0.0411 0.0557
0 0.7718 0.4688 0.0965 0.0404
0 0.8412 0.4630 0.0351 0.0288
0 0.5723 0.5009 0.0808 0.0490
0 0.6565 0.4943 0.0740 0.0442
0 0.7188 0.5069 0.0404 0.0500
0 0.7765 0.5051 0.0808 0.0490
0 0.8264 0.4955 0.0307 0.0327
0 0.8619 0.5017 0.0404 0.0423
0 0.9351 0.4984 0.1286 0.0413
0 0.5274 0.5255 0.0381 0.0288
0 0.6156 0.5327 0.1256 0.0404
0 0.7350 0.5314 0.0673 0.0461
0 0.7940 0.5356 0.0546 0.0461
0 0.8703 0.5232 0.0823 0.0269
0 0.9284 0.5307 0.0568 0.0336
0 0.5464 0.5652 0.0927 0.0471
0 0.6130 0.5670 0.0538 0.0452
0 0.6686 0.5596 0.0344 0.0442
0 0.7585 0.5599 0.1503 0.0336
0 0.8565 0.5633 0.0351 0.0433
0 0.9337 0.5605 0.1286 0.0433
0 0.5288 0.5917 0.0494 0.0279
0 0.6006 0.5990 0.0957 0.0452
0 0.7079 0.5897 0.1159 0.0461
0 0.7851 0.5981 0.0396 0.0490
0 0.8608 0.5900 0.1383 0.0356
0 0.9703 0.5895 0.0600 0.0317
0 0.5210 0.6319 0.0336 0.0500
0 0.5696 0.6209 0.0725 0.0279
0 0.6220 0.6238 0.0329 0.0336
0 0.6715 0.6276 0.0568 0.0413
0 0.7479 0.6273 0.0680 0.0519
0 0.8171 0.6253 0.0703 0.0423
0 0.8586 0.6209 0.0366 0.0278
0 0.9023 0.6276 0.0464 0.0413
0 0.9597 0.6214 0.0778 0.0317
0 0.5272 0.6638 0.0322 0.0442
0 0.5950 0.6578 0.1122 0.0461
0 0.6749 0.6595 0.0359 0.0384
0 0.7475 0.6533 0.1256 0.0288
0 0.8413 0.6534 0.0576 0.0346
0 0.8874 0.6643 0.0359 0.0481
0 0.9484 0.6619 0.0912 0.0404
0 0.5936 0.6953 0.0845 0.0461
0 0.5354 0.6967 0.0347 0.0490
0 0.6706 0.6846 0.0523 0.0413
0 0.7427 0.6901 0.0965 0.0384
0 0.8275 0.6846 0.0606 0.0413
0 0.9264 0.6869 0.0972 0.0404
0 0.5647 0.7193 0.1099 0.0413
0 0.6784 0.7167 0.1152 0.0500
0 0.7741 0.7249 0.0815 0.0471
0 0.8325 0.7163 0.0344 0.0327
0 0.9100 0.7201 0.1256 0.0375
0 0.5609 0.7555 0.1024 0.0471
0 0.6430 0.7444 0.0778 0.0500
0 0.7226 0.7549 0.0785 0.0404
0 0.8521 0.7536 0.1765 0.0461
0 0.6269 0.7855 0.0733 0.0404
0 0.6804 0.7807 0.0357 0.0308
0 0.7287 0.7846 0.0658 0.0413
0 0.7960 0.7849 0.0449 0.0365
0 0.8560 0.7834 0.0815 0.0279
0 0.9449 0.7855 0.0897 0.0433
0 0.5705 0.8233 0.1271 0.0577
0 0.6595 0.8231 0.0718 0.0461
0 0.7616 0.8193 0.1316 0.0442
0 0.8979 0.8235 0.1264 0.0471
0 0.6372 0.8543 0.1967 0.0586
0 0.7654 0.8511 0.0419 0.0356
0 0.8138 0.8598 0.0942 0.0557
0 0.9289 0.8578 0.0800 0.0461
