0 0.2169 0.2271 0.1922 0.0487
0 0.3749 0.2143 0.0636 0.0259
0 0.5373 0.2080 0.2162 0.0438
0 0.6481 0.2144 0.0240 0.0149
0 0.7098 0.2014 0.0862 0.0279
0 0.8318 0.1923 0.1498 0.0318
0 0.1288 0.2763 0.1187 0.0388
0 0.2395 0.2671 0.0678 0.0259
0 0.3675 0.2642 0.1795 0.0477
0 0.4656 0.2634 0.0339 0.0269
0 0.1207 0.3027 0.0691 0.0249
0 0.2889 0.2931 0.1694 0.0418
0 0.3739 0.2905 0.0339 0.0199
0 0.5535 0.2853 0.2431 0.0428
0 0.7737 0.2721 0.1696 0.0358
0 0.1780 0.3384 0.1894 0.0408
0 0.3366 0.3358 0.0622 0.0298
0 0.3794 0.3347 0.0254 0.0139
0 0.5020 0.3300 0.1540 0.0378
0 0.6354 0.3203 0.0820 0.0239
0 0.7685 0.3202 0.1314 0.0348
0 0.1104 0.3769 0.0735 0.0288
0 0.2581 0.3737 0.1385 0.0418
0 0.3338 0.3756 0.0370 0.0318
0 0.4139 0.3619 0.0862 0.0239
0 0.7158 0.3480 0.4760 0.0487
0 0.2834 0.4149 0.2530 0.0547
0 0.5810 0.3940 0.2897 0.0408
0 0.8571 0.3804 0.2586 0.0358
0 0.0863 0.4620 0.1032 0.0378
0 0.1602 0.4600 0.0594 0.0338
0 0.3049 0.4467 0.2431 0.0378
0 0.5659 0.4303 0.2428 0.0328
0 0.8591 0.4196 0.2544 0.0448
0 0.1731 0.4949 0.2685 0.0537
0 0.3736 0.4843 0.0834 0.0408
0 0.5334 0.4698 0.1668 0.0368
0 0.6788 0.4661 0.1187 0.0378
0 0.8352 0.4542 0.1371 0.0279
0 0.1594 0.5378 0.2077 0.0477
0 0.5414 0.5111 0.3745 0.0527
0 0.7937 0.4977 0.0707 0.0398
0 0.1407 0.5814 0.1343 0.0378
0 0.3039 0.5711 0.1328 0.0338
0 0.5483 0.5457 0.2021 0.0358
0 0.8046 0.5399 0.2897 0.0547
0 0.1080 0.6208 0.1187 0.0388
0 0.2941 0.6024 0.1993 0.0298
0 0.5246 0.5933 0.1908 0.0338
0 0.7092 0.5866 0.1212 0.0398
0 0.7788 0.5871 0.0382 0.0298
0 0.8656 0.5751 0.1201 0.0308
0 0.1432 0.6639 0.1752 0.0418
0 0.4117 0.6416 0.3067 0.0527
0 0.6851 0.6323 0.2007 0.0507
0 0.8846 0.6190 0.1470 0.0408
0 0.1212 0.6952 0.1258 0.0348
0 0.1850 0.7074 0.0228 0.0259
0 0.3069 0.6939 0.1583 0.0378
0 0.5911 0.6625 0.3378 0.0388
0 0.7594 0.6726 0.0466 0.0229
0 0.8788 0.6561 0.2021 0.0288
0 0.1164 0.7293 0.1328 0.0308
0 0.3080 0.7300 0.2160 0.0517
0 0.5943 0.7160 0.3109 0.0597
0 0.2438 0.7751 0.2459 0.0418
0 0.4284 0.7710 0.0678 0.0308
0 0.5810 0.7642 0.2120 0.0477
0 0.7584 0.7655 0.1696 0.0338
0 0.1807 0.8216 0.2558 0.0487
0 0.3010 0.8211 0.0436 0.0338
0 0.3946 0.8136 0.1809 0.0438
0 0.5735 0.8077 0.1498 0.0348
0 0.6546 0.8099 0.0286 0.0199
0 0.7998 0.8026 0.2219 0.0497
0 0.2083 0.8585 0.3166 0.0587
0 0.5034 0.8467 0.2428 0.0378
0 0.9249 0.8342 0.1498 0.0378
0 0.1232 0.8893 0.1270 0.0398
0 0.1682 0.9008 0.0253 0.0239
0 0.2952 0.8884 0.1738 0.0408
0 0.5235 0.8869 0.2275 0.0487
0 0.7010 0.8772 0.1131 0.0378
0 0.8886 0.8720 0.2134 0.0328
0 0.1214 0.9242 0.1456 0.0318
0 0.1711 0.9358 0.0367 0.0189
0 0.3098 0.9172 0.1668 0.0428
0 0.5045 0.9127 0.1340 0.0338
0 0.6270 0.9127 0.0678 0.0338
0 0.7481 0.9098 0.1156 0.0418
0 0.8863 0.9098 0.1032 0.0418
0 0.1229 0.9646 0.1597 0.0348
0 0.2837 0.9539 0.1201 0.0328
