0 0.0832 0.1859 0.0441 0.0246
0 0.1702 0.1847 0.0931 0.0361
0 0.2745 0.1791 0.1045 0.0277
0 0.4404 0.1743 0.2058 0.0319
0 0.5492 0.1724 0.0123 0.0087
0 0.2009 0.2177 0.1073 0.0355
0 0.2130 0.2473 0.1176 0.0253
0 0.3060 0.2144 0.0758 0.0427
0 0.4153 0.2153 0.1223 0.0307
0 0.5494 0.2116 0.1265 0.0343
0 0.7121 0.2088 0.1908 0.0370
0 0.8287 0.2046 0.0490 0.0286
0 0.2735 0.2519 0.0193 0.0149
0 0.3490 0.2436 0.0896 0.0177
0 0.4714 0.2444 0.1123 0.0276
0 0.5327 0.2386 0.0071 0.0050
0 0.2075 0.2814 0.1261 0.0379
0 0.3217 0.2756 0.0433 0.0206
0 0.3952 0.2697 0.0820 0.0200
0 0.4792 0.2678 0.0472 0.0162
0 0.5739 0.2680 0.1533 0.0361
0 0.7187 0.2570 0.1208 0.0250
0 0.7805 0.2575 0.0109 0.0066
0 0.8477 0.2444 0.0649 0.0360
0 0.8167 0.2876 0.1083 0.0390
0 0.6809 0.2908 0.1034 0.0261
0 0.6127 0.3312 0.0893 0.0401
0 0.7348 0.2964 0.0252 0.0178
0 0.7500 0.3259 0.1777 0.0463
0 0.5002 0.3396 0.0866 0.0404
0 0.5526 0.3425 0.0164 0.0156
0 0.5220 0.3054 0.1995 0.0415
0 0.3850 0.3076 0.0645 0.0291
0 0.3674 0.3439 0.1488 0.0406
0 0.2571 0.3170 0.1587 0.0396
0 0.1079 0.3245 0.1102 0.0380
0 0.1488 0.3590 0.1975 0.0374
0 0.2604 0.3497 0.0153 0.0078
0 0.2809 0.3721 0.0229 0.0441
0 0.0822 0.3912 0.0561 0.0296
0 0.1946 0.3891 0.1308 0.0366
