0 0.2352 0.1060 0.2205 0.0369
0 0.3479 0.1136 0.0236 0.0162
0 0.4470 0.1044 0.0718 0.0477
0 0.6278 0.0891 0.2194 0.0338
0 0.1897 0.1326 0.1210 0.0208
0 0.3281 0.1344 0.1589 0.0215
0 0.4805 0.1290 0.0665 0.0246
0 0.6188 0.1302 0.1292 0.0492
0 0.1949 0.1696 0.1620 0.0392
0 0.3819 0.1694 0.1528 0.0415
0 0.5442 0.1625 0.0523 0.0277
0 0.6308 0.1668 0.0728 0.0392
0 0.7475 0.1587 0.1671 0.0369
0 0.1408 0.2047 0.0677 0.0400
0 0.3160 0.2037 0.2348 0.0408
0 0.4352 0.2063 0.0176 0.0154
0 0.5148 0.2033 0.0574 0.0400
0 0.6951 0.1938 0.2541 0.0377
0 0.1761 0.2309 0.1189 0.0285
0 0.2947 0.2381 0.0810 0.0400
0 0.4535 0.2384 0.1876 0.0323
0 0.5592 0.2422 0.0267 0.0177
0 0.6188 0.2361 0.0625 0.0362
0 0.7477 0.2371 0.1538 0.0408
0 0.1984 0.2662 0.1302 0.0408
0 0.4014 0.2756 0.1999 0.0346
0 0.6121 0.2706 0.1436 0.0385
0 0.7592 0.2644 0.1046 0.0315
0 0.2542 0.2994 0.2974 0.0377
0 0.5332 0.3022 0.1887 0.0462
0 0.7247 0.3069 0.1661 0.0415
0 0.1484 0.3271 0.0718 0.0292
0 0.3173 0.3346 0.2430 0.0469
0 0.5725 0.3375 0.1671 0.0362
0 0.7648 0.3319 0.1518 0.0415
0 0.1845 0.3667 0.1579 0.0362
0 0.4698 0.3696 0.3425 0.0308
0 0.6844 0.3664 0.0687 0.0300
0 0.1663 0.3993 0.1353 0.0292
0 0.3121 0.3976 0.0882 0.0285
0 0.4713 0.3994 0.1538 0.0238
0 0.5528 0.4125 0.0279 0.0223
0 0.6831 0.4047 0.2051 0.0400
0 0.2479 0.4370 0.2820 0.0462
0 0.4828 0.4398 0.1128 0.0408
0 0.7108 0.4374 0.2994 0.0469
0 0.2243 0.4746 0.2625 0.0408
0 0.5901 0.4724 0.3773 0.0392
0 0.1314 0.5034 0.0656 0.0262
0 0.2733 0.5113 0.1661 0.0477
0 0.4842 0.5095 0.1794 0.0385
0 0.7265 0.5048 0.2697 0.0485
0 0.1367 0.5401 0.0790 0.0331
0 0.2021 0.5815 0.1764 0.0408
0 0.3824 0.5742 0.1148 0.0485
0 0.5516 0.5761 0.1948 0.0438
0 0.7610 0.5693 0.1692 0.0469
0 0.2248 0.6193 0.2912 0.0469
0 0.4580 0.6146 0.0882 0.0431
0 0.5448 0.6155 0.0923 0.0477
0 0.7504 0.5997 0.2369 0.0438
0 0.1971 0.6512 0.2164 0.0385
0 0.4434 0.6490 0.1979 0.0508
0 0.2310 0.6894 0.2481 0.0454
0 0.4146 0.6857 0.0820 0.0354
0 0.5743 0.6762 0.1764 0.0523
0 0.7061 0.6780 0.0790 0.0338
0 0.8274 0.6728 0.1548 0.0623
0 0.1669 0.7278 0.1477 0.0362
0 0.3546 0.7251 0.1702 0.0308
0 0.5584 0.7188 0.0974 0.0431
0 0.7414 0.7261 0.2246 0.0438
0 0.1905 0.7643 0.1948 0.0508
0 0.3512 0.7609 0.0913 0.0385
0 0.5585 0.7687 0.2810 0.0569
0 0.7897 0.7519 0.1794 0.0400
0 0.8894 0.7679 0.0482 0.0331
