0 0.1347 0.1733 0.1583 0.0605
0 0.2517 0.1674 0.0673 0.0515
0 0.3333 0.1647 0.0832 0.0711
0 0.4836 0.1645 0.1895 0.0374
0 0.4458 0.2335 0.0582 0.0419
0 0.5690 0.2229 0.1518 0.0346
0 0.5864 0.1788 0.0145 0.0214
0 0.6206 0.1768 0.0607 0.0397
0 0.7449 0.1700 0.1926 0.0511
0 0.7015 0.2215 0.0835 0.0319
0 0.8047 0.2240 0.0956 0.0397
0 0.8845 0.1667 0.0607 0.0278
0 0.8933 0.2216 0.0449 0.0237
0 0.4098 0.2332 0.0113 0.0191
0 0.3160 0.2265 0.1736 0.0501
0 0.1403 0.2334 0.1667 0.0529
0 0.1097 0.2823 0.1084 0.0424
0 0.1748 0.2927 0.0135 0.0132
0 0.2512 0.2864 0.1329 0.0506
0 0.3798 0.2774 0.1180 0.0438
0 0.4710 0.2847 0.0531 0.0333
0 0.5401 0.2904 0.0663 0.0419
0 0.6382 0.2866 0.1097 0.0593
0 0.7058 0.2904 0.0173 0.0196
0 0.7409 0.2898 0.0678 0.0463
0 0.8507 0.2801 0.1541 0.0603
0 0.9253 0.2873 0.0201 0.0301
0 0.1032 0.3515 0.0704 0.0474
0 0.2354 0.3387 0.1985 0.0495
0 0.3895 0.3373 0.0930 0.0301
0 0.4881 0.3462 0.0678 0.0452
0 0.6158 0.3409 0.1399 0.0624
0 0.7355 0.3470 0.0737 0.0495
0 0.8409 0.3424 0.1374 0.0571
0 0.1229 0.3972 0.1097 0.0528
0 0.2730 0.4074 0.1600 0.0592
0 0.4094 0.3941 0.0938 0.0549
0 0.5973 0.3921 0.2446 0.0592
0 0.8177 0.3864 0.1742 0.0506
0 0.1336 0.4680 0.1173 0.0581
0 0.2370 0.4542 0.0628 0.0474
0 0.3548 0.4489 0.1457 0.0506
0 0.5100 0.4559 0.1256 0.0506
0 0.5875 0.4554 0.0168 0.0248
0 0.6454 0.4506 0.1047 0.0345
0 0.7659 0.4492 0.1290 0.0485
0 0.2002 0.5186 0.2337 0.0538
0 0.3332 0.5114 0.0193 0.0312
0 0.3632 0.5052 0.0486 0.0409
0 0.1773 0.5713 0.1935 0.0592
0 0.3119 0.5620 0.0988 0.0517
0 0.4673 0.5648 0.1901 0.0463
0 0.6440 0.5650 0.1491 0.0495
0 0.4457 0.5055 0.0997 0.0388
0 0.5340 0.5036 0.0570 0.0323
0 0.6455 0.4963 0.1298 0.0258
0 0.7210 0.5052 0.0142 0.0215
0 0.7946 0.4951 0.1558 0.0485
0 0.1300 0.6300 0.0905 0.0377
0 0.2134 0.6190 0.0436 0.0269
0 0.3067 0.6206 0.1106 0.0495
0 0.4221 0.6177 0.1164 0.0409
0 0.6281 0.6092 0.2784 0.0517
0 0.2260 0.6696 0.1382 0.0614
0 0.3448 0.6651 0.0980 0.0441
0 0.4837 0.6650 0.1508 0.0549
0 0.6700 0.6629 0.2010 0.0592
0 0.8372 0.6646 0.1189 0.0571
0 0.1270 0.7351 0.0595 0.0312
0 0.2145 0.7337 0.0930 0.0452
0 0.3309 0.7239 0.1256 0.0366
0 0.4146 0.7310 0.0209 0.0258
0 0.4841 0.7133 0.0988 0.0377
0 0.6195 0.7112 0.1474 0.0474
0 0.2017 0.7731 0.1700 0.0463
0 0.2953 0.7709 0.0268 0.0140
0 0.3376 0.7679 0.0586 0.0301
0 0.4296 0.7652 0.1064 0.0388
0 0.5067 0.7736 0.0218 0.0334
0 0.5375 0.7674 0.0611 0.0237
0 0.6592 0.7638 0.1767 0.0388
0 0.8251 0.7597 0.1114 0.0388
0 0.1246 0.8234 0.0687 0.0495
0 0.2206 0.8375 0.1135 0.0528
0 0.3691 0.8250 0.1742 0.0528
0 0.4927 0.8200 0.0687 0.0345
0 0.6417 0.8302 0.1834 0.0549
0 0.7986 0.8134 0.1055 0.0323
0 0.8564 0.8165 0.0101 0.0248
0 0.1564 0.8916 0.1072 0.0581
0 0.2946 0.8876 0.1809 0.0474
0 0.4679 0.8797 0.1608 0.0678
0 0.6132 0.8711 0.1013 0.0506
0 0.6698 0.8780 0.0201 0.0226
0 0.7898 0.8731 0.2546 0.0657
0 0.1326 0.9325 0.0570 0.0345
0 0.2399 0.9383 0.1493 0.0571
0 0.8388 0.5518 0.2220 0.0509
0 0.3140 0.9358 0.0085 0.0106
0 0.3869 0.8822 0.0072 0.0089
0 0.8819 0.7584 0.0083 0.0140
0 0.7676 0.6041 0.0074 0.0082
0 0.6921 0.7126 0.0120 0.0113
0 0.9027 0.3396 0.0081 0.0098
