0 0.0684 0.1100 0.1201 0.0339
0 0.1273 0.1119 0.0269 0.0182
0 0.2403 0.1093 0.1806 0.0297
0 0.3767 0.1131 0.1201 0.0318
0 0.0687 0.1308 0.0624 0.0339
0 0.2536 0.1319 0.3016 0.0193
0 0.4102 0.1429 0.0259 0.0135
0 0.4615 0.1424 0.0730 0.0292
0 0.6438 0.1360 0.2737 0.0276
0 0.8488 0.1385 0.1143 0.0214
0 0.1229 0.1598 0.1681 0.0307
0 0.3297 0.1602 0.2094 0.0260
0 0.4454 0.1690 0.0269 0.0130
0 0.4939 0.1685 0.0711 0.0286
0 0.6656 0.1642 0.2478 0.0229
0 0.8737 0.1644 0.1364 0.0177
0 0.0895 0.1827 0.1095 0.0182
0 0.1971 0.1827 0.0692 0.0182
0 0.3087 0.1862 0.1258 0.0224
0 0.4764 0.1895 0.1556 0.0318
0 0.6502 0.1903 0.1421 0.0250
0 0.7728 0.1930 0.0567 0.0193
0 0.8609 0.1996 0.0912 0.0297
0 0.1306 0.2116 0.1806 0.0260
0 0.2207 0.2202 0.0163 0.0182
0 0.2628 0.2144 0.0701 0.0260
0 0.4344 0.2185 0.2382 0.0286
0 0.5637 0.2220 0.0163 0.0135
0 0.6133 0.2183 0.0682 0.0255
0 0.7704 0.2153 0.2324 0.0167
0 0.0881 0.2325 0.1095 0.0177
0 0.1976 0.2414 0.0701 0.0328
0 0.3354 0.2392 0.1681 0.0229
0 0.4227 0.2448 0.0259 0.0146
0 0.4792 0.2446 0.0807 0.0281
0 0.6156 0.2442 0.1729 0.0245
0 0.7050 0.2495 0.0211 0.0129
0 0.7930 0.2400 0.1249 0.0245
0 0.9153 0.2448 0.1056 0.0229
0 0.0858 0.2606 0.1133 0.0240
0 0.2148 0.2637 0.1018 0.0302
0 0.4429 0.2648 0.2997 0.0240
0 0.7009 0.2643 0.2075 0.0286
0 0.8671 0.2695 0.1287 0.0224
0 0.0615 0.2821 0.0730 0.0198
0 0.2275 0.2872 0.2161 0.0245
0 0.4407 0.2917 0.1758 0.0250
0 0.6261 0.2865 0.1383 0.0229
0 0.7870 0.2942 0.1546 0.0245
0 0.2025 0.3127 0.3299 0.0281
0 0.3781 0.3196 0.0202 0.0115
0 0.4282 0.3109 0.0730 0.0219
0 0.5424 0.3170 0.1431 0.0229
0 0.6612 0.3166 0.0836 0.0193
0 0.8010 0.3167 0.1575 0.0167
0 0.8771 0.3227 0.0154 0.0094
0 0.1130 0.3347 0.1565 0.0250
0 0.2028 0.3413 0.0279 0.0104
0 0.3333 0.3380 0.2305 0.0260
0 0.5193 0.3411 0.1220 0.0266
0 0.7356 0.3411 0.3045 0.0240
0 0.1266 0.3596 0.1921 0.0276
0 0.4274 0.3665 0.3630 0.0302
0 0.6368 0.3641 0.0653 0.0172
0 0.7617 0.3663 0.1594 0.0271
0 0.9257 0.3687 0.1431 0.0234
0 0.1858 0.3813 0.2910 0.0266
0 0.1604 0.4049 0.1652 0.0349
0 0.4454 0.4056 0.3602 0.0307
0 0.7584 0.4155 0.2641 0.0339
0 0.1102 0.4335 0.1537 0.0281
0 0.2613 0.4351 0.0643 0.0312
0 0.4563 0.4340 0.3515 0.0292
0 0.6385 0.4439 0.0327 0.0156
0 0.8134 0.4387 0.3073 0.0302
0 0.0939 0.4555 0.1268 0.0276
0 0.1821 0.4737 0.1614 0.0224
0 0.2839 0.4773 0.0317 0.0156
0 0.3369 0.4772 0.0711 0.0182
0 0.4705 0.4797 0.1383 0.0177
0 0.5508 0.4891 0.0211 0.0172
0 0.6016 0.4826 0.0864 0.0151
0 0.7821 0.4853 0.2420 0.0234
0 0.1268 0.5004 0.1537 0.0203
0 0.2824 0.4992 0.1037 0.0234
0 0.4094 0.5075 0.1633 0.0260
0 0.6094 0.5069 0.1882 0.0250
0 0.7657 0.5062 0.0730 0.0208
0 0.8725 0.5100 0.1201 0.0255
0 0.1124 0.5284 0.1748 0.0318
0 0.3008 0.5270 0.1460 0.0234
0 0.3768 0.5353 0.0231 0.0151
0 0.4636 0.5309 0.1383 0.0229
0 0.6864 0.5327 0.2507 0.0182
0 0.1228 0.5484 0.1623 0.0302
0 0.2796 0.5502 0.1287 0.0198
0 0.3454 0.5582 0.0298 0.0135
0 0.5420 0.5527 0.3534 0.0276
0 0.8004 0.5533 0.0980 0.0260
0 0.1310 0.5734 0.2065 0.0328
0 0.2421 0.5680 0.0425 0.0276
