0 0.3478 0.2857 0.1623 0.0436
0 0.5217 0.2837 0.1074 0.0368
0 0.2785 0.3143 0.2014 0.0342
0 0.4463 0.3129 0.0842 0.0231
0 0.5960 0.3156 0.2282 0.0368
0 0.6972 0.3215 0.0305 0.0180
0 0.7530 0.3133 0.0671 0.0265
0 0.8625 0.3175 0.1501 0.0351
0 0.1891 0.3434 0.1172 0.0368
0 0.2403 0.3503 0.0195 0.0145
0 0.2916 0.3379 0.0720 0.0231
0 0.4493 0.3448 0.2319 0.0368
0 0.5638 0.3482 0.0415 0.0214
0 0.6101 0.3410 0.0757 0.0265
0 0.7349 0.3410 0.1782 0.0376
0 0.8758 0.3414 0.0683 0.0299
0 0.8067 0.3493 0.0439 0.0291
0 0.2312 0.3665 0.1790 0.0385
0 0.3821 0.3691 0.1169 0.0242
0 0.5202 0.3676 0.1210 0.0185
0 0.6236 0.3655 0.0610 0.0200
0 0.7574 0.3646 0.1759 0.0264
0 0.2366 0.3936 0.1983 0.0399
0 0.4173 0.3991 0.1597 0.0342
0 0.6305 0.3963 0.2583 0.0371
0 0.7589 0.3989 0.0427 0.0228
0 0.8570 0.3960 0.1556 0.0392
0 0.1822 0.4177 0.0671 0.0242
0 0.2938 0.4258 0.1210 0.0349
0 0.3623 0.4256 0.0275 0.0207
0 0.4207 0.4170 0.0803 0.0228
0 0.5368 0.4259 0.1291 0.0406
0 0.6499 0.4197 0.0692 0.0228
0 0.5972 0.4277 0.0305 0.0221
0 0.8266 0.4272 0.2532 0.0378
0 0.2109 0.4544 0.1607 0.0421
0 0.2571 0.4752 0.2003 0.0421
0 0.5115 0.4765 0.2369 0.0335
0 0.7745 0.4717 0.2878 0.0406
0 0.1784 0.5029 0.0763 0.0364
0 0.3313 0.5027 0.2125 0.0442
0 0.5630 0.4954 0.1983 0.0185
0 0.2386 0.5273 0.1912 0.0435
0 0.4805 0.5275 0.2471 0.0328
0 0.7545 0.5251 0.2868 0.0335
0 0.1918 0.5610 0.1169 0.0470
0 0.2372 0.5666 0.0244 0.0221
0 0.4404 0.5550 0.3752 0.0378
0 0.7917 0.5501 0.2695 0.0364
0 0.1839 0.5841 0.0844 0.0349
0 0.2735 0.5788 0.0692 0.0242
0 0.4035 0.5834 0.1291 0.0307
0 0.5613 0.5817 0.1393 0.0328
0 0.7575 0.5779 0.1678 0.0392
0 0.2575 0.6088 0.2400 0.0371
0 0.4476 0.6113 0.1119 0.0392
0 0.6381 0.6066 0.2095 0.0271
0 0.8393 0.6077 0.1647 0.0292
0 0.1982 0.6392 0.1353 0.0478
0 0.3398 0.6278 0.1129 0.0249
0 0.4888 0.6376 0.1637 0.0364
0 0.7253 0.6300 0.2868 0.0349
0 0.8639 0.6378 0.0417 0.0200
0 0.2403 0.6641 0.1861 0.0421
0 0.4092 0.6630 0.1322 0.0371
0 0.5422 0.6611 0.1149 0.0278
0 0.7065 0.6626 0.1546 0.0364
0 0.8462 0.6548 0.1230 0.0207
0 0.2514 0.6856 0.1973 0.0378
0 0.4649 0.6816 0.1769 0.0299
0 0.6362 0.6823 0.1251 0.0257
0 0.8069 0.6870 0.2359 0.0406
0 0.2818 0.7133 0.2664 0.0378
0 0.2793 0.7389 0.2197 0.0307
0 0.4119 0.7377 0.0376 0.0171
0 0.4681 0.7401 0.0834 0.0385
0 0.6345 0.7390 0.2329 0.0364
0 0.8372 0.7418 0.1688 0.0392
0 0.2747 0.7739 0.2522 0.0506
0 0.4127 0.7665 0.0254 0.0135
0 0.5148 0.7696 0.1963 0.0364
0 0.6942 0.7664 0.1495 0.0356
0 0.2120 0.7956 0.1434 0.0328
0 0.4330 0.7991 0.2522 0.0371
0 0.6809 0.7921 0.2146 0.0314
0 0.8697 0.7896 0.1505 0.0264
0 0.1983 0.8242 0.1078 0.0428
0 0.3330 0.8154 0.1159 0.0335
0 0.3743 0.8221 0.0264 0.0192
0 0.4875 0.8209 0.1444 0.0335
0 0.6887 0.8196 0.2136 0.0364
0 0.8584 0.8199 0.1363 0.0371
0 0.2722 0.8460 0.2583 0.0392
0 0.5067 0.8416 0.1912 0.0249
0 0.6817 0.8399 0.1190 0.0271
0 0.7409 0.8496 0.0346 0.0214
0 0.8285 0.8480 0.1708 0.0349
0 0.2279 0.8765 0.1891 0.0364
0 0.3789 0.8727 0.0966 0.0371
0 0.4207 0.8790 0.0275 0.0135
0 0.4785 0.8755 0.0793 0.0399
0 0.5772 0.8670 0.1210 0.0257
0 0.7142 0.8684 0.1200 0.0285
0 0.7791 0.8784 0.0193 0.0207
0 0.8289 0.8677 0.0773 0.0242
0 0.2492 0.8973 0.2207 0.0335
0 0.4287 0.8959 0.1129 0.0307
0 0.6106 0.8976 0.2156 0.0285
0 0.7161 0.9061 0.0295 0.0178
0 0.7850 0.8933 0.0783 0.0228
0 0.8975 0.8973 0.1312 0.0307
0 0.7456 0.2107 0.0468 0.0185
0 0.8341 0.2077 0.1098 0.0321
0 0.7505 0.2370 0.0620 0.0157
0 0.8575 0.2358 0.1566 0.0299
0 0.7354 0.2645 0.0458 0.0178
0 0.8763 0.2636 0.1108 0.0328
