0 0.2229 0.2830 0.1597 0.0299
0 0.3635 0.2784 0.1076 0.0234
0 0.1271 0.3099 0.1875 0.0254
0 0.2932 0.3040 0.0752 0.0163
0 0.4460 0.3073 0.2060 0.0312
0 0.6060 0.2993 0.0787 0.0208
0 0.7612 0.2992 0.2002 0.0234
0 0.0509 0.3360 0.1018 0.0247
0 0.1645 0.3309 0.0706 0.0202
0 0.3295 0.3340 0.2256 0.0319
0 0.4865 0.3257 0.0590 0.0208
0 0.6095 0.3265 0.1828 0.0280
0 0.7694 0.3215 0.0972 0.0208
0 0.0835 0.3560 0.1365 0.0176
0 0.2209 0.3545 0.1308 0.0202
0 0.3368 0.3549 0.0764 0.0208
0 0.4805 0.3495 0.1805 0.0267
0 0.5762 0.3454 0.0440 0.0241
0 0.7312 0.3446 0.2708 0.0280
0 0.0949 0.3827 0.1620 0.0293
0 0.2694 0.3812 0.1805 0.0319
0 0.4087 0.3776 0.0868 0.0273
0 0.5504 0.3760 0.1620 0.0326
0 0.6773 0.3704 0.0741 0.0241
0 0.8079 0.3690 0.1435 0.0241
0 0.0580 0.4035 0.0660 0.0208
0 0.1684 0.4072 0.1146 0.0228
0 0.2891 0.4028 0.0810 0.0195
0 0.5186 0.3995 0.3622 0.0267
0 0.8216 0.3923 0.2071 0.0345
0 0.1323 0.4280 0.1840 0.0254
0 0.3561 0.4320 0.2650 0.0306
0 0.6673 0.4222 0.3402 0.0306
0 0.8730 0.4196 0.0822 0.0280
0 0.1067 0.4503 0.1828 0.0312
0 0.3144 0.4482 0.1817 0.0215
0 0.5773 0.4424 0.2851 0.0292
0 0.8486 0.4407 0.2360 0.0286
0 0.0625 0.4809 0.0611 0.0312
0 0.2111 0.4735 0.2249 0.0276
0 0.0907 0.4773 0.0287 0.0156
0 0.5125 0.4710 0.3499 0.0281
0 0.2403 0.4087 0.0305 0.0146
0 0.3222 0.4813 0.0250 0.0182
0 0.8324 0.4637 0.2675 0.0302
0 0.0690 0.5033 0.0796 0.0260
0 0.1421 0.4969 0.0565 0.0187
0 0.2477 0.4981 0.1287 0.0240
0 0.3736 0.4964 0.1055 0.0260
0 0.5199 0.4935 0.1537 0.0286
0 0.7227 0.4905 0.2148 0.0255
0 0.8861 0.4884 0.1222 0.0240
0 0.1227 0.5224 0.1814 0.0198
0 0.3018 0.5224 0.1537 0.0281
0 0.4444 0.5189 0.1194 0.0240
0 0.5861 0.5137 0.1305 0.0219
0 0.7407 0.5137 0.1592 0.0219
0 0.8838 0.5105 0.1231 0.0266
0 0.1310 0.5445 0.1953 0.0307
0 0.3111 0.5457 0.1611 0.0276
0 0.4555 0.5430 0.0972 0.0276
0 0.5611 0.5363 0.1166 0.0198
0 0.7116 0.5383 0.1370 0.0266
0 0.8912 0.5328 0.2074 0.0240
0 0.0852 0.5684 0.0926 0.0229
0 0.2291 0.5646 0.1555 0.0208
0 0.3717 0.5638 0.1157 0.0193
0 0.5477 0.5644 0.2120 0.0260
0 0.7740 0.5619 0.2370 0.0266
0 0.1657 0.5891 0.2037 0.0255
0 0.3310 0.5931 0.0704 0.0333
0 0.4735 0.5910 0.2109 0.0292
0 0.6639 0.5869 0.1555 0.0266
0 0.8509 0.5844 0.1879 0.0271
0 0.1680 0.6178 0.2638 0.0328
0 0.3648 0.6120 0.1240 0.0240
0 0.6440 0.6056 0.1990 0.0307
0 0.8500 0.6074 0.2194 0.0286
0 0.0986 0.6359 0.1194 0.0219
0 0.2828 0.6380 0.2157 0.0260
0 0.4727 0.6332 0.1481 0.0193
0 0.6264 0.6333 0.1166 0.0250
0 0.7412 0.6274 0.1129 0.0187
0 0.8704 0.6287 0.1435 0.0214
0 0.1278 0.6641 0.1777 0.0339
0 0.2856 0.6596 0.1102 0.0276
0 0.4671 0.6565 0.2481 0.0297
0 0.6972 0.6513 0.1694 0.0193
0 0.8523 0.6484 0.1129 0.0219
0 0.9199 0.6447 0.0537 0.0255
0 0.1273 0.6823 0.1490 0.0229
0 0.2648 0.6792 0.1185 0.0167
0 0.3694 0.6804 0.0694 0.0275
0 0.4648 0.6794 0.1074 0.0255
0 0.5741 0.6793 0.0731 0.0281
0 0.6856 0.6744 0.1379 0.0182
0 0.8208 0.6719 0.1000 0.0187
0 0.0856 0.7036 0.0602 0.0240
0 0.2453 0.7043 0.2407 0.0224
0 0.4319 0.6991 0.1222 0.0177
0 0.6139 0.6984 0.2027 0.0219
0 0.7625 0.6961 0.0722 0.0172
0 0.8903 0.6954 0.1694 0.0214
0 0.1060 0.7290 0.1065 0.0219
0 0.2657 0.7265 0.1703 0.0224
0 0.4037 0.7296 0.0657 0.0286
0 0.4995 0.7203 0.1129 0.0156
0 0.6231 0.7166 0.0657 0.0276
0 0.7366 0.7253 0.1453 0.0229
0 0.8954 0.7196 0.1463 0.0198
0 0.1254 0.7529 0.1509 0.0307
0 0.2555 0.7564 0.0611 0.0323
0 0.3833 0.7490 0.1750 0.0286
0 0.5787 0.7444 0.1990 0.0193
0 0.7481 0.7464 0.0879 0.0344
0 0.8731 0.7433 0.1935 0.0255
0 0.1051 0.7768 0.1157 0.0203
0 0.2268 0.7734 0.0787 0.0219
0 0.3245 0.7766 0.0713 0.0281
0 0.4319 0.7736 0.1389 0.0250
0 0.5426 0.7685 0.0602 0.0203
0 0.1588 0.8003 0.1564 0.0339
0 0.3315 0.7988 0.1352 0.0281
0 0.4551 0.7994 0.0741 0.0266
0 0.5537 0.7969 0.1435 0.0271
0 0.6810 0.7910 0.0676 0.0208
0 0.7690 0.7944 0.0796 0.0250
0 0.8893 0.7892 0.1648 0.0229
0 0.1333 0.8279 0.1944 0.0307
0 0.2750 0.8280 0.0833 0.0339
0 0.4208 0.8234 0.2083 0.0328
0 0.6199 0.8168 0.1564 0.0224
0 0.7551 0.8184 0.1074 0.0312
0 0.8949 0.8121 0.1481 0.0214
0 0.6995 0.2023 0.0463 0.0240
0 0.8102 0.1952 0.1787 0.0266
0 0.7102 0.2255 0.0787 0.0177
0 0.8523 0.2206 0.2074 0.0328
0 0.6930 0.2520 0.0472 0.0234
0 0.8449 0.2401 0.0759 0.0302
