0 0.2682 0.0964 0.2281 0.0316
0 0.4247 0.0938 0.0744 0.0347
0 0.5522 0.0842 0.1628 0.0378
0 0.7136 0.0734 0.1050 0.0273
0 0.8127 0.0745 0.0975 0.0322
0 0.8472 0.0733 0.0306 0.0105
0 0.2270 0.1250 0.1289 0.0223
0 0.3362 0.1263 0.0835 0.0248
0 0.3762 0.1258 0.0190 0.0099
0 0.4635 0.1183 0.1603 0.0310
0 0.5898 0.1132 0.0851 0.0291
0 0.6770 0.1082 0.0512 0.0304
0 0.7996 0.0977 0.1909 0.0260
0 0.1967 0.1527 0.0711 0.0304
0 0.2313 0.1550 0.0264 0.0211
0 0.2657 0.1558 0.0537 0.0310
0 0.3971 0.1448 0.1860 0.0285
0 0.5436 0.1382 0.0678 0.0236
0 0.6720 0.1362 0.1661 0.0279
0 0.8187 0.1249 0.1347 0.0360
0 0.1858 0.1766 0.0661 0.0254
0 0.2175 0.1823 0.0240 0.0174
0 0.2527 0.1798 0.0471 0.0291
0 0.3876 0.1701 0.2058 0.0236
0 0.5605 0.1650 0.1099 0.0217
0 0.6743 0.1605 0.1124 0.0211
0 0.7761 0.1567 0.0744 0.0217
0 0.2163 0.2034 0.0992 0.0236
0 0.3478 0.1976 0.1207 0.0341
0 0.4701 0.1956 0.1041 0.0273
0 0.5494 0.1926 0.0488 0.0186
0 0.6126 0.1923 0.0529 0.0291
0 0.7287 0.1863 0.1546 0.0254
0 0.8046 0.1858 0.0314 0.0161
0 0.8456 0.1866 0.0579 0.0260
0 0.2484 0.2300 0.1802 0.0267
0 0.3397 0.2263 0.0322 0.0192
0 0.3754 0.2303 0.0620 0.0329
0 0.5049 0.2193 0.1876 0.0192
0 0.6592 0.2156 0.1017 0.0229
0 0.7513 0.2155 0.0636 0.0254
0 0.8194 0.2109 0.1083 0.0273
0 0.2051 0.2539 0.0769 0.0273
0 0.2496 0.2585 0.0298 0.0198
0 0.2845 0.2569 0.0496 0.0304
0 0.3742 0.2515 0.1289 0.0335
0 0.5024 0.2465 0.0992 0.0291
0 0.6353 0.2456 0.1595 0.0329
0 0.7769 0.2374 0.1149 0.0360
0 0.3061 0.2771 0.2761 0.0291
0 0.5382 0.2706 0.1736 0.0329
0 0.6930 0.2669 0.1389 0.0254
0 0.8091 0.2638 0.0876 0.0248
0 0.2549 0.3034 0.1653 0.0236
0 0.4235 0.3031 0.1636 0.0285
0 0.5098 0.3010 0.0223 0.0130
0 0.5747 0.2940 0.1050 0.0298
0 0.7063 0.2947 0.1488 0.0254
0 0.8333 0.2883 0.1000 0.0211
0 0.2624 0.3317 0.1859 0.0273
0 0.3535 0.3334 0.0264 0.0167
0 0.3931 0.3275 0.0529 0.0217
0 0.4736 0.3260 0.1000 0.0242
0 0.5646 0.3207 0.0653 0.0248
0 0.6694 0.3224 0.1221 0.0254
0 0.7299 0.3232 0.0264 0.0186
0 0.8010 0.3203 0.1298 0.0322
0 0.8608 0.3186 0.0438 0.0149
0 0.2568 0.3547 0.1636 0.0260
0 0.3827 0.3575 0.0792 0.0316
0 0.5357 0.3550 0.2075 0.0267
0 0.7216 0.3481 0.1405 0.0267
0 0.8584 0.3439 0.1223 0.0267
0 0.2369 0.3853 0.1182 0.0316
0 0.3345 0.3795 0.0496 0.0229
0 0.4178 0.3822 0.1050 0.0254
0 0.5301 0.3795 0.1074 0.0285
0 0.7297 0.3726 0.2678 0.0341
0 0.2533 0.4044 0.0984 0.0366
0 0.3453 0.4047 0.0628 0.0316
0 0.4591 0.4032 0.1405 0.0285
0 0.6220 0.3976 0.1661 0.0285
0 0.7085 0.3951 0.0198 0.0180
0 0.7811 0.3979 0.1372 0.0291
0 0.8556 0.3930 0.0306 0.0248
0 0.2020 0.4334 0.0430 0.0279
0 0.3339 0.4309 0.2207 0.0285
0 0.4524 0.4303 0.0215 0.0217
0 0.5884 0.4249 0.2546 0.0304
0 0.7134 0.4275 0.0240 0.0161
0 0.8106 0.4224 0.1628 0.0254
0 0.2066 0.4559 0.0521 0.0174
0 0.2865 0.4525 0.1008 0.0273
0 0.3352 0.4576 0.0231 0.0236
0 0.3712 0.4520 0.0562 0.0180
0 0.4782 0.4527 0.1620 0.0248
0 0.6290 0.4482 0.1190 0.0242
0 0.7444 0.4461 0.0610 0.0366
0 0.8327 0.4496 0.1099 0.0242
0 0.2451 0.4800 0.1430 0.0322
0 0.3446 0.4772 0.0587 0.0211
0 0.4641 0.4789 0.1810 0.0273
0 0.6019 0.4737 0.1149 0.0223
0 0.7232 0.4797 0.1074 0.0260
0 0.8427 0.4747 0.1132 0.0217
0 0.2130 0.5056 0.0537 0.0223
0 0.3061 0.5031 0.1289 0.0285
0 0.4211 0.5061 0.0950 0.0260
0 0.4616 0.5082 0.0231 0.0192
0 0.6117 0.5038 0.2678 0.0242
0 0.7908 0.4965 0.0843 0.0180
0 0.2526 0.5309 0.1413 0.0341
0 0.3331 0.5249 0.0273 0.0304
