0 0.2083 0.0601 0.0833 0.0396
0 0.2970 0.0573 0.0662 0.0312
0 0.3920 0.0578 0.1062 0.0240
0 0.5172 0.0580 0.1316 0.0299
0 0.6274 0.0601 0.0770 0.0258
0 0.5848 0.0578 0.0113 0.0184
0 0.6729 0.0623 0.0097 0.0080
0 0.7017 0.0620 0.0340 0.0240
0 0.7388 0.0623 0.0415 0.0246
0 0.8202 0.0532 0.0987 0.0259
0 0.8701 0.0620 0.0124 0.0073
0 0.2518 0.0831 0.2009 0.0385
0 0.3549 0.0843 0.0069 0.0047
0 0.4479 0.1095 0.0487 0.0162
0 0.5439 0.1103 0.1350 0.0262
0 0.6664 0.1103 0.0911 0.0207
0 0.7481 0.1081 0.0490 0.0189
0 0.8234 0.1170 0.0940 0.0285
0 0.7176 0.1149 0.0103 0.0103
0 0.3034 0.1086 0.0457 0.0116
0 0.3742 0.1069 0.0762 0.0193
0 0.4157 0.1135 0.0064 0.0075
0 0.2105 0.1083 0.1182 0.0305
0 0.2041 0.1384 0.1026 0.0297
0 0.2924 0.1345 0.0458 0.0217
0 0.4004 0.1412 0.1314 0.0269
0 0.5138 0.1374 0.0692 0.0165
0 0.6065 0.1416 0.0713 0.0276
0 0.7185 0.1383 0.1287 0.0210
0 0.7869 0.1389 0.0072 0.0056
0 0.6781 0.1593 0.0201 0.0186
0 0.2004 0.1623 0.1092 0.0358
0 0.2980 0.1662 0.0709 0.0212
0 0.3883 0.1652 0.0849 0.0221
0 0.3388 0.1667 0.0109 0.0112
0 0.5049 0.1688 0.1377 0.0294
0 0.6287 0.1630 0.0797 0.0288
