0 0.1270 0.1314 0.1207 0.0322
0 0.3793 0.1160 0.3364 0.0459
0 0.5648 0.1110 0.0240 0.0192
0 0.6088 0.1079 0.0620 0.0242
0 0.7204 0.1066 0.0992 0.0353
0 0.8093 0.1059 0.0603 0.0229
0 0.1419 0.1689 0.1338 0.0322
0 0.2920 0.1594 0.1479 0.0465
0 0.3855 0.1589 0.0182 0.0260
0 0.5272 0.1556 0.2322 0.0335
0 0.6623 0.1572 0.0190 0.0254
0 0.7240 0.1539 0.1091 0.0329
0 0.1765 0.2140 0.2058 0.0558
0 0.3848 0.1970 0.1529 0.0329
0 0.6380 0.1939 0.2926 0.0322
0 0.1106 0.2545 0.0628 0.0285
0 0.2137 0.2495 0.1107 0.0378
0 0.3590 0.2390 0.1346 0.0391
0 0.6001 0.2342 0.2835 0.0434
0 0.2207 0.2890 0.1413 0.0391
0 0.3687 0.2810 0.1124 0.0397
0 0.5186 0.2786 0.1595 0.0267
0 0.7160 0.2762 0.1959 0.0384
0 0.1329 0.3384 0.1074 0.0378
0 0.2093 0.3354 0.0214 0.0236
0 0.2482 0.3336 0.0603 0.0366
0 0.3344 0.3290 0.0744 0.0440
0 0.4859 0.3206 0.1802 0.0384
0 0.5994 0.3258 0.0322 0.0267
0 0.6689 0.3156 0.1155 0.0285
0 0.7820 0.3165 0.0917 0.0496
0 0.1204 0.3783 0.1157 0.0372
0 0.2497 0.4103 0.1884 0.0428
0 0.4090 0.4025 0.0653 0.0217
0 0.5348 0.3978 0.1223 0.0316
0 0.6051 0.4081 0.0157 0.0217
0 0.6485 0.3985 0.0554 0.0248
0 0.7594 0.3974 0.1355 0.0310
0 0.1151 0.4578 0.0719 0.0267
0 0.2457 0.4525 0.1330 0.0273
0 0.3419 0.4527 0.0198 0.0192
0 0.3902 0.4408 0.0693 0.0316
0 0.5151 0.4476 0.1413 0.0397
0 0.6806 0.4404 0.1612 0.0446
0 0.7703 0.4416 0.0240 0.0248
0 0.8149 0.4300 0.0659 0.0267
0 0.1696 0.4992 0.1975 0.0372
0 0.3543 0.4871 0.1141 0.0353
0 0.4301 0.4934 0.0157 0.0229
0 0.5146 0.4890 0.1180 0.0335
0 0.6830 0.4800 0.1909 0.0267
0 0.2041 0.5359 0.1389 0.0384
0 0.3503 0.5374 0.1174 0.0304
0 0.4964 0.5314 0.1066 0.0322
0 0.6693 0.5232 0.2248 0.0353
0 0.1155 0.5779 0.0810 0.0335
0 0.2748 0.5745 0.1884 0.0434
