0 0.3155 0.1485 0.1449 0.0415
0 0.4623 0.1470 0.0858 0.0384
0 0.2115 0.1864 0.1758 0.0422
0 0.3036 0.1949 0.0154 0.0149
0 0.4214 0.1927 0.1844 0.0353
0 0.5345 0.1980 0.0163 0.0155
0 0.5719 0.1913 0.0549 0.0242
0 0.6938 0.1894 0.1432 0.0316
0 0.1569 0.2317 0.1166 0.0384
0 0.2211 0.2394 0.0172 0.0149
0 0.2728 0.2278 0.0540 0.0223
0 0.4151 0.2374 0.2135 0.0360
0 0.5344 0.2416 0.0189 0.0248
0 0.5790 0.2280 0.0497 0.0254
0 0.6814 0.2320 0.1406 0.0279
0 0.7951 0.2277 0.0652 0.0248
0 0.1171 0.2670 0.0703 0.0229
0 0.2147 0.2701 0.1072 0.0236
0 0.3435 0.2709 0.1175 0.0223
0 0.4496 0.2700 0.0686 0.0205
0 0.5658 0.2684 0.1484 0.0285
0 0.1235 0.3107 0.0832 0.0298
0 0.7342 0.2620 0.1767 0.0322
0 0.2547 0.3172 0.1372 0.0316
0 0.4295 0.3157 0.1646 0.0341
0 0.5703 0.3126 0.0712 0.0335
0 0.6131 0.3186 0.0206 0.0205
0 0.7042 0.3124 0.1278 0.0360
0 0.1105 0.3493 0.0626 0.0291
0 0.2035 0.3530 0.0875 0.0310
0 0.2634 0.3565 0.0240 0.0130
0 0.3054 0.3504 0.0609 0.0229
0 0.4021 0.3549 0.1098 0.0347
0 0.4700 0.3607 0.0206 0.0186
0 0.5127 0.3507 0.0643 0.0236
0 0.6764 0.3530 0.2195 0.0310
0 0.1497 0.3937 0.1355 0.0347
0 0.2412 0.4308 0.1852 0.0422
0 0.4530 0.4353 0.2032 0.0316
0 0.7066 0.4320 0.2521 0.0335
0 0.1350 0.4772 0.0866 0.0322
0 0.2394 0.4752 0.0677 0.0310
0 0.3903 0.4729 0.1612 0.0403
0 0.5807 0.4701 0.1698 0.0236
0 0.7652 0.4621 0.1638 0.0409
0 0.1382 0.5153 0.0986 0.0279
0 0.3070 0.5144 0.2084 0.0316
0 0.4514 0.5152 0.0472 0.0304
0 0.5837 0.5109 0.1535 0.0384
0 0.7327 0.5116 0.0960 0.0260
0 0.1458 0.5500 0.1055 0.0223
0 0.3005 0.5512 0.1621 0.0329
0 0.5981 0.1005 0.1741 0.0316
0 0.3511 0.5944 0.3550 0.0471
0 0.5910 0.5860 0.0737 0.0248
0 0.6984 0.5925 0.1106 0.0322
0 0.1446 0.6379 0.1003 0.0341
0 0.2889 0.6306 0.1389 0.0391
0 0.4739 0.6291 0.1895 0.0360
0 0.6356 0.6343 0.0935 0.0298
0 0.7760 0.6365 0.1492 0.0341
0 0.1690 0.6746 0.1492 0.0298
0 0.3160 0.6757 0.1209 0.0291
0 0.4515 0.6696 0.1141 0.0198
0 0.6104 0.6752 0.1458 0.0310
0 0.7748 0.6705 0.1329 0.0409
0 0.1875 0.7127 0.1861 0.0254
0 0.2939 0.7147 0.0129 0.0155
0 0.3922 0.7147 0.1484 0.0322
0 0.5470 0.7169 0.1106 0.0366
0 0.7047 0.7098 0.1261 0.0223
0 0.1598 0.7578 0.1141 0.0322
0 0.3839 0.7495 0.2873 0.0322
0 0.5458 0.7562 0.0249 0.0180
0 0.6362 0.7494 0.1363 0.0211
0 0.7876 0.7511 0.1141 0.0217
0 0.2005 0.7952 0.1955 0.0403
0 0.4405 0.7962 0.2255 0.0397
0 0.2709 0.8283 0.1724 0.0484
0 0.4379 0.8362 0.0592 0.0335
0 0.5751 0.8354 0.1835 0.0347
0 0.7642 0.8376 0.1423 0.0335
0 0.2162 0.8797 0.2435 0.0316
0 0.4182 0.8780 0.1252 0.0366
0 0.5551 0.8766 0.1158 0.0310
