0 0.2855 0.1644 0.1904 0.0482
0 0.4740 0.1650 0.1202 0.0384
0 0.2295 0.2035 0.2368 0.0375
0 0.4232 0.1987 0.0881 0.0223
0 0.6345 0.1969 0.2940 0.0437
0 0.7871 0.1976 0.0381 0.0312
0 0.0897 0.2329 0.0738 0.0214
0 0.2474 0.2314 0.2059 0.0295
0 0.3875 0.2409 0.1333 0.0402
0 0.4587 0.2431 0.0286 0.0223
0 0.5180 0.2230 0.0750 0.0321
0 0.7047 0.2331 0.2678 0.0357
0 0.8254 0.2381 0.0286 0.0179
0 0.0869 0.2730 0.0655 0.0321
0 0.2385 0.2742 0.1880 0.0455
0 0.3873 0.2648 0.0774 0.0268
0 0.5317 0.2625 0.1440 0.0277
0 0.6948 0.2596 0.1535 0.0304
0 0.0974 0.3051 0.0809 0.0241
0 0.2654 0.2961 0.2059 0.0339
0 0.3663 0.3043 0.0214 0.0196
0 0.6460 0.2992 0.4392 0.0455
0 0.1490 0.3423 0.2119 0.0402
0 0.3155 0.3369 0.0893 0.0321
0 0.3774 0.3417 0.0298 0.0223
0 0.5107 0.3359 0.1964 0.0384
0 0.6300 0.3302 0.0405 0.0187
0 0.7230 0.3267 0.1154 0.0312
0 0.1244 0.3734 0.1488 0.0357
0 0.2113 0.3769 0.0226 0.0205
0 0.2643 0.3671 0.0619 0.0259
0 0.3948 0.3707 0.1785 0.0330
0 0.4931 0.3769 0.0250 0.0205
0 0.5589 0.3620 0.0928 0.0268
0 0.7752 0.3624 0.2892 0.0330
0 0.1535 0.4138 0.2154 0.0527
0 0.2214 0.4373 0.2261 0.0384
0 0.3343 0.4450 0.0214 0.0205
0 0.4952 0.4409 0.2904 0.0402
0 0.6371 0.4459 0.0214 0.0196
0 0.7621 0.4284 0.2047 0.0429
0 0.1811 0.4797 0.2844 0.0455
0 0.3938 0.4770 0.0821 0.0429
0 0.5760 0.4626 0.2297 0.0446
0 0.7855 0.4629 0.1321 0.0286
0 0.1117 0.5074 0.1428 0.0259
0 0.3825 0.5065 0.3511 0.0491
0 0.7273 0.5039 0.2880 0.0384
0 0.0742 0.5496 0.0678 0.0464
0 0.3000 0.5386 0.3083 0.0384
0 0.4704 0.5462 0.0381 0.0286
0 0.7105 0.5333 0.4320 0.0500
0 0.2186 0.5815 0.3844 0.0464
0 0.4470 0.5735 0.0774 0.0304
0 0.5853 0.5748 0.1512 0.0357
0 0.7567 0.5779 0.1523 0.0420
0 0.1254 0.6144 0.1702 0.0482
0 0.3793 0.6071 0.2809 0.0420
0 0.5990 0.6118 0.1202 0.0375
0 0.7974 0.6041 0.2226 0.0304
0 0.1418 0.6535 0.2142 0.0375
0 0.3524 0.6479 0.1631 0.0375
0 0.5184 0.6416 0.1452 0.0304
0 0.7073 0.6488 0.2119 0.0393
0 0.1967 0.6788 0.3046 0.0464
0 0.3417 0.6886 0.0250 0.0134
0 0.4698 0.6821 0.2119 0.0393
0 0.6782 0.6812 0.1619 0.0402
0 0.1130 0.7188 0.1427 0.0321
0 0.2813 0.7215 0.1654 0.0375
0 0.5363 0.7163 0.3225 0.0437
0 0.7760 0.7101 0.1297 0.0286
0 0.0905 0.7578 0.1226 0.0295
0 0.2611 0.7546 0.1416 0.0259
0 0.4658 0.7533 0.2345 0.0482
0 0.7373 0.7529 0.2523 0.0420
0 0.2216 0.7918 0.2404 0.0446
0 0.4048 0.7959 0.0762 0.0446
0 0.5914 0.7903 0.2773 0.0473
0 0.1155 0.8358 0.1642 0.0437
0 0.4845 0.8333 0.5272 0.0500
0 0.8430 0.8260 0.1666 0.0437
0 0.1448 0.8705 0.2202 0.0437
0 0.4468 0.8699 0.3463 0.0509
0 0.7329 0.8650 0.2047 0.0384
0 0.0899 0.9138 0.1214 0.0304
0 0.2712 0.9065 0.1952 0.0241
0 0.4591 0.9078 0.1488 0.0518
0 0.6286 0.8985 0.1404 0.0304
0 0.6946 0.9102 0.0309 0.0232
0 0.8051 0.9011 0.1714 0.0384
