0 0.2333 0.1158 0.2388 0.0398
0 0.4282 0.1186 0.1286 0.0344
0 0.6912 0.1069 0.3295 0.0359
0 0.2307 0.1433 0.2280 0.0227
0 0.4555 0.1381 0.1415 0.0289
0 0.5099 0.1544 0.0281 0.0227
0 0.6212 0.1429 0.1923 0.0469
0 0.8232 0.1321 0.1437 0.0281
0 0.1516 0.1846 0.0670 0.0414
0 0.2671 0.1848 0.1037 0.0391
0 0.3807 0.1795 0.0670 0.0367
0 0.5145 0.1736 0.1513 0.0250
0 0.6776 0.1671 0.1134 0.0203
0 0.1537 0.2082 0.0713 0.0414
0 0.3375 0.2059 0.2777 0.0312
0 0.5584 0.2004 0.1307 0.0258
0 0.7677 0.1920 0.2215 0.0312
0 0.8826 0.2010 0.0292 0.0187
0 0.1470 0.2411 0.0746 0.0266
0 0.2850 0.2396 0.1729 0.0320
0 0.4627 0.2347 0.1394 0.0305
0 0.6790 0.2303 0.2301 0.0273
0 0.1497 0.2789 0.0800 0.0383
0 0.2630 0.2713 0.1037 0.0203
0 0.3986 0.2645 0.0778 0.0289
0 0.5162 0.2707 0.1686 0.0414
0 0.7129 0.2613 0.1480 0.0227
0 0.1959 0.3082 0.1750 0.0359
0 0.3555 0.3076 0.0832 0.0430
0 0.5086 0.3011 0.1977 0.0328
0 0.7568 0.2962 0.2442 0.0312
0 0.1468 0.3399 0.0713 0.0437
0 0.2936 0.3422 0.1956 0.0344
0 0.4945 0.3341 0.1502 0.0266
0 0.6497 0.3318 0.1189 0.0219
0 0.7928 0.3336 0.1134 0.0367
0 0.1998 0.3765 0.1912 0.0336
0 0.3594 0.3702 0.0605 0.0266
0 0.2540 0.4050 0.1912 0.0461
0 0.4475 0.4029 0.1534 0.0391
0 0.5952 0.4094 0.0821 0.0437
0 0.7433 0.4053 0.1977 0.0383
0 0.1404 0.4386 0.0724 0.0328
0 0.1872 0.4480 0.0216 0.0211
0 0.2530 0.4447 0.0810 0.0477
0 0.4927 0.4335 0.3771 0.0281
0 0.7692 0.4388 0.1383 0.0359
0 0.2165 0.4760 0.2301 0.0437
0 0.4479 0.4722 0.1653 0.0305
0 0.6065 0.4747 0.1102 0.0437
0 0.6789 0.4780 0.0357 0.0227
0 0.8168 0.4643 0.2085 0.0258
0 0.1452 0.5108 0.1016 0.0383
0 0.2030 0.5163 0.0227 0.0187
0 0.3406 0.5104 0.2118 0.0375
0 0.5362 0.5104 0.1307 0.0375
0 0.6731 0.5115 0.0962 0.0508
0 0.8297 0.5015 0.1956 0.0336
0 0.1923 0.5460 0.1902 0.0281
0 0.2993 0.5508 0.0292 0.0211
0 0.3595 0.5501 0.0746 0.0391
0 0.5590 0.5396 0.2874 0.0375
0 0.8131 0.5375 0.1372 0.0250
0 0.2133 0.5818 0.2377 0.0414
0 0.4751 0.5758 0.2280 0.0461
0 0.6721 0.5854 0.0886 0.0430
0 0.8042 0.5795 0.1167 0.0312
0 0.1995 0.6135 0.2129 0.0297
0 0.4109 0.6143 0.1523 0.0258
0 0.5880 0.6178 0.1815 0.0273
0 0.7810 0.6118 0.1091 0.0320
0 0.1998 0.6566 0.2107 0.0492
0 0.4151 0.6533 0.1718 0.0594
0 0.6117 0.6548 0.1707 0.0484
0 0.7940 0.6520 0.0908 0.0289
0 0.1269 0.7016 0.0789 0.0477
0 0.2897 0.6967 0.1988 0.0406
0 0.3993 0.6998 0.0292 0.0219
0 0.4590 0.6979 0.0875 0.0430
0 0.6691 0.7014 0.2993 0.0500
0 0.8073 0.7064 0.0367 0.0211
0 0.1289 0.7363 0.0994 0.0477
0 0.3339 0.7308 0.2928 0.0422
0 0.5762 0.7291 0.1523 0.0359
0 0.7293 0.7391 0.0918 0.0422
0 0.8720 0.7408 0.1329 0.0398
0 0.1387 0.7713 0.1275 0.0398
0 0.1979 0.8075 0.2431 0.0344
0 0.1926 0.7823 0.0324 0.0258
0 0.2643 0.7759 0.0897 0.0406
0 0.4436 0.7744 0.2150 0.0516
0 0.6897 0.7671 0.1599 0.0508
0 0.8098 0.7792 0.0724 0.0445
0 0.4319 0.8093 0.1610 0.0492
0 0.7242 0.8136 0.4095 0.0383
0 0.2043 0.8488 0.2669 0.0531
0 0.4644 0.8544 0.2010 0.0422
0 0.6497 0.8535 0.0994 0.0375
0 0.8562 0.8554 0.2291 0.0414
0 0.1994 0.8952 0.2377 0.0516
0 0.2942 0.9022 0.0357 0.0266
0 0.4058 0.8889 0.1783 0.0500
0 0.6334 0.9040 0.2334 0.0469
0 0.8288 0.9056 0.1437 0.0445
