0 0.1709 0.0598 0.0363 0.0196
0 0.3101 0.0636 0.0701 0.0217
0 0.4222 0.0595 0.1165 0.0272
0 0.4843 0.0635 0.0075 0.0048
0 0.2278 0.0647 0.0612 0.0239
0 0.4160 0.0873 0.0903 0.0218
0 0.5238 0.0860 0.1114 0.0304
0 0.6293 0.0910 0.0641 0.0265
0 0.6663 0.0929 0.0076 0.0081
0 0.6917 0.0896 0.0307 0.0237
0 0.7284 0.0890 0.0373 0.0224
0 0.8005 0.0823 0.0983 0.0284
0 0.8553 0.0910 0.0105 0.0098
0 0.3317 0.0857 0.0523 0.0269
0 0.2365 0.1128 0.1729 0.0284
0 0.3254 0.1163 0.0064 0.0047
0 0.2152 0.1673 0.1137 0.0318
0 0.3075 0.1637 0.0401 0.0191
0 0.3409 0.1381 0.0347 0.0151
0 0.4116 0.1355 0.0676 0.0182
0 0.4795 0.1383 0.0368 0.0156
0 0.5650 0.1396 0.1078 0.0236
0 0.6688 0.1383 0.0765 0.0182
0 0.7409 0.1366 0.0374 0.0149
0 0.7251 0.1658 0.1252 0.0205
0 0.8136 0.1422 0.0800 0.0261
0 0.7950 0.1686 0.0093 0.0066
0 0.7108 0.1428 0.0078 0.0079
0 0.6638 0.1895 0.0109 0.0206
0 0.6140 0.1695 0.0640 0.0251
0 0.5756 0.1710 0.0095 0.0114
0 0.5333 0.1644 0.0749 0.0150
0 0.4165 0.1703 0.1497 0.0295
0 0.2493 0.1378 0.1068 0.0283
0 0.3083 0.1957 0.0694 0.0248
0 0.2147 0.1917 0.0988 0.0335
0 0.3488 0.1988 0.0115 0.0143
0 0.4450 0.1968 0.1734 0.0270
0 0.5989 0.1964 0.0951 0.0317
0 0.6501 0.1956 0.0058 0.0052
0 0.2363 0.0866 0.0809 0.0288
