0 0.4491 0.2706 0.0983 0.0357
0 0.5395 0.2744 0.0596 0.0266
0 0.5587 0.3037 0.0758 0.0213
0 0.4957 0.2987 0.0386 0.0140
0 0.4048 0.3023 0.1207 0.0324
0 0.3153 0.2996 0.0361 0.0186
0 0.2234 0.2954 0.1301 0.0324
0 0.2858 0.3065 0.0105 0.0103
0 0.6327 0.3042 0.0542 0.0223
0 0.6834 0.2995 0.0334 0.0129
0 0.6627 0.3043 0.0088 0.0087
0 0.7190 0.3048 0.0268 0.0235
0 0.7834 0.3031 0.0889 0.0230
0 0.8314 0.3064 0.0129 0.0100
0 0.2194 0.3269 0.1332 0.0232
0 0.3203 0.3254 0.0351 0.0119
0 0.3898 0.3268 0.0740 0.0148
0 0.4755 0.3259 0.0705 0.0129
0 0.5484 0.3263 0.0384 0.0136
0 0.6629 0.3270 0.1619 0.0178
0 0.7498 0.3276 0.0079 0.0136
0 0.7544 0.3303 0.0061 0.0051
0 0.8190 0.3238 0.1018 0.0309
0 0.2039 0.3595 0.0994 0.0274
0 0.3115 0.3511 0.0952 0.0384
0 0.2914 0.3332 0.0079 0.0109
0 0.3809 0.3602 0.0369 0.0260
0 0.4008 0.3611 0.0099 0.0111
0 0.4489 0.3593 0.0755 0.0270
0 0.5181 0.3538 0.0334 0.0160
0 0.5780 0.3575 0.0587 0.0261
0 0.6162 0.3595 0.0130 0.0107
0 0.6428 0.3533 0.0355 0.0178
0 0.7084 0.3564 0.0612 0.0211
0 0.7733 0.3520 0.0410 0.0151
0 0.7378 0.3607 0.0117 0.0103
0 0.2662 0.3837 0.2185 0.0256
0 0.4554 0.3785 0.1108 0.0265
0 0.3830 0.3828 0.0077 0.0072
0 0.5165 0.3877 0.0109 0.0143
0 0.5911 0.3842 0.1295 0.0296
0 0.7425 0.3843 0.1545 0.0270
0 0.8547 0.3844 0.0399 0.0272
0 0.2093 0.4073 0.1074 0.0340
0 0.3273 0.4064 0.0936 0.0156
0 0.3788 0.4098 0.0104 0.0085
0 0.4668 0.4034 0.1503 0.0374
0 0.6240 0.4085 0.1370 0.0252
0 0.7182 0.4105 0.0337 0.0238
0 0.7878 0.4042 0.0896 0.0278
0 0.8668 0.4077 0.0559 0.0209
0 0.1899 0.4337 0.0743 0.0174
0 0.2962 0.4336 0.1035 0.0339
0 0.4588 0.4314 0.1759 0.0406
0 0.5728 0.4312 0.0373 0.0151
0 0.6315 0.4352 0.0631 0.0203
0 0.7073 0.4381 0.0618 0.0289
0 0.8034 0.4336 0.0790 0.0339
0 0.7486 0.4370 0.0110 0.0074
0 0.7966 0.4636 0.0682 0.0217
0 0.8349 0.4856 0.0809 0.0157
0 0.7854 0.4942 0.0070 0.0134
0 0.7122 0.4896 0.1437 0.0292
0 0.7201 0.4587 0.0652 0.0146
0 0.6442 0.4633 0.0663 0.0211
0 0.5909 0.4898 0.0735 0.0240
0 0.5508 0.4629 0.0904 0.0258
0 0.5116 0.4879 0.0620 0.0175
0 0.4381 0.4622 0.1012 0.0243
0 0.4331 0.4931 0.0635 0.0278
0 0.3382 0.4637 0.0652 0.0246
0 0.3428 0.4908 0.0883 0.0232
0 0.2211 0.4584 0.1283 0.0278
0 0.2153 0.4872 0.1389 0.0272
0 0.2886 0.4920 0.0106 0.0089
0 0.2781 0.5174 0.1118 0.0292
0 0.1823 0.5117 0.0618 0.0178
0 0.4079 0.5164 0.1130 0.0245
0 0.4757 0.5165 0.0125 0.0080
0 0.5478 0.5105 0.1150 0.0294
0 0.6424 0.5182 0.0348 0.0252
0 0.7245 0.5158 0.1046 0.0260
0 0.8313 0.5181 0.0792 0.0250
0 0.2115 0.5439 0.1258 0.0266
0 0.3277 0.5445 0.0748 0.0252
0 0.4027 0.5442 0.0555 0.0246
0 0.4349 0.5447 0.0116 0.0061
0 0.5079 0.5395 0.1075 0.0347
0 0.6504 0.5443 0.1508 0.0275
0 0.8068 0.5425 0.1358 0.0239
0 0.1931 0.5658 0.0806 0.0176
0 0.2792 0.5716 0.0584 0.0294
0 0.3462 0.5647 0.0563 0.0155
0 0.4192 0.5701 0.0717 0.0208
0 0.5177 0.5719 0.0965 0.0271
0 0.3745 0.5729 0.0101 0.0124
0 0.5994 0.5692 0.0459 0.0246
0 0.7086 0.5683 0.1422 0.0254
0 0.8368 0.5661 0.0985 0.0183
0 0.7749 0.5926 0.1332 0.0242
0 0.6880 0.5933 0.0344 0.0143
0 0.6285 0.5915 0.0514 0.0137
0 0.6617 0.5943 0.0095 0.0109
0 0.5607 0.5923 0.0659 0.0151
0 0.5093 0.5986 0.0353 0.0223
0 0.4084 0.5979 0.0335 0.0235
0 0.4556 0.5966 0.0500 0.0210
0 0.3505 0.5938 0.0621 0.0153
0 0.4842 0.5976 0.0101 0.0090
0 0.2654 0.5970 0.0974 0.0246
0 0.1742 0.5915 0.0567 0.0191
0 0.2042 0.5985 0.0083 0.0109
0 0.1878 0.6178 0.0673 0.0162
0 0.1861 0.6485 0.0694 0.0248
0 0.1779 0.6722 0.0557 0.0166
0 0.2283 0.6976 0.0843 0.0368
0 0.2280 0.6773 0.0365 0.0269
0 0.2567 0.6440 0.0579 0.0129
0 0.2993 0.6181 0.1319 0.0168
0 0.3256 0.6477 0.0735 0.0204
0 0.2919 0.6766 0.0783 0.0255
0 0.3498 0.6736 0.0274 0.0138
0 0.3152 0.7028 0.0665 0.0305
0 0.3691 0.6255 0.0103 0.0094
0 0.3673 0.6772 0.0067 0.0044
0 0.4055 0.6524 0.0416 0.0271
0 0.3821 0.7051 0.0391 0.0269
0 0.4820 0.6218 0.0973 0.0187
0 0.4068 0.6195 0.0358 0.0168
0 0.4900 0.6471 0.1105 0.0304
0 0.4500 0.7067 0.0861 0.0273
0 0.5707 0.6203 0.0608 0.0184
0 0.6070 0.6481 0.1001 0.0239
0 0.5155 0.6989 0.0338 0.0172
0 0.6503 0.6186 0.0895 0.0150
0 0.7235 0.6252 0.0359 0.0255
0 0.7052 0.6465 0.0464 0.0319
0 0.6620 0.6509 0.0101 0.0101
0 0.5357 0.7074 0.0131 0.0147
0 0.5688 0.7035 0.0460 0.0236
0 0.7904 0.6493 0.1002 0.0292
0 0.6790 0.7022 0.1552 0.0239
0 0.7692 0.6200 0.0550 0.0206
0 0.8320 0.6178 0.0419 0.0161
0 0.8811 0.6462 0.0677 0.0146
0 0.8000 0.6256 0.0111 0.0095
0 0.7917 0.7034 0.0472 0.0263
0 0.1997 0.7260 0.1133 0.0325
0 0.1660 0.7590 0.0431 0.0236
0 0.1838 0.7782 0.0759 0.0230
0 0.1680 0.8105 0.0415 0.0239
0 0.2565 0.8057 0.1158 0.0197
0 0.2562 0.7529 0.1346 0.0224
0 0.2444 0.7774 0.0333 0.0158
0 0.2964 0.7815 0.0567 0.0242
0 0.3138 0.7281 0.0776 0.0200
0 0.3923 0.7802 0.0846 0.0409
0 0.3636 0.8034 0.0661 0.0179
0 0.3621 0.7506 0.0493 0.0179
0 0.3266 0.7833 0.0144 0.0084
0 0.3842 0.7310 0.0517 0.0260
0 0.4757 0.7267 0.0985 0.0200
0 0.4512 0.7569 0.1080 0.0277
0 0.4089 0.7324 0.0094 0.0092
0 0.4198 0.8104 0.0423 0.0236
0 0.4828 0.7793 0.0657 0.0280
0 0.4855 0.8104 0.0850 0.0319
0 0.5724 0.7546 0.1088 0.0260
0 0.5484 0.7304 0.0468 0.0248
0 0.6323 0.7293 0.0897 0.0254
0 0.5414 0.7786 0.0384 0.0155
0 0.5849 0.7843 0.0392 0.0242
0 0.7050 0.7314 0.0517 0.0266
0 0.6707 0.7592 0.0387 0.0240
0 0.6639 0.7827 0.0945 0.0210
0 0.7522 0.7536 0.1210 0.0183
0 0.7286 0.7317 0.0073 0.0106
0 0.7591 0.7308 0.0320 0.0227
0 0.8509 0.7266 0.1296 0.0143
0 0.8579 0.7530 0.0714 0.0198
0 0.9115 0.7323 0.0146 0.0118
0 0.7129 0.7857 0.0175 0.0103
0 0.7423 0.7834 0.0346 0.0223
0 0.8283 0.7841 0.1205 0.0237
0 0.4100 0.8908 0.1173 0.0345
0 0.5306 0.8881 0.1057 0.0345
0 0.3204 0.8909 0.0547 0.0291
0 0.2817 0.8629 0.0773 0.0230
0 0.3033 0.8321 0.1677 0.0363
0 0.1814 0.8320 0.0683 0.0280
0 0.2145 0.8891 0.1373 0.0309
0 0.1942 0.8563 0.0773 0.0264
0 0.2864 0.8923 0.0090 0.0124
0 0.4071 0.8634 0.1643 0.0239
0 0.4595 0.8318 0.1273 0.0330
0 0.5625 0.8125 0.0388 0.0251
0 0.4900 0.8637 0.0078 0.0079
0 0.5213 0.8582 0.0425 0.0165
0 0.5729 0.8370 0.0736 0.0269
0 0.5277 0.8137 0.0137 0.0135
0 0.6280 0.8127 0.0838 0.0282
0 0.5842 0.8609 0.0739 0.0273
0 0.6847 0.8906 0.1972 0.0284
0 0.6747 0.8101 0.0106 0.0063
0 0.6328 0.8318 0.0379 0.0165
0 0.6515 0.8582 0.0391 0.0135
0 0.7276 0.8349 0.1301 0.0226
0 0.7196 0.8580 0.0919 0.0160
0 0.7295 0.8043 0.0646 0.0280
0 0.8210 0.8638 0.0919 0.0275
0 0.8255 0.8111 0.1149 0.0278
0 0.8410 0.8356 0.0932 0.0239
0 0.7654 0.8648 0.0085 0.0101
0 0.8674 0.8656 0.0126 0.0118
0 0.8929 0.8365 0.0135 0.0063
