0 0.3156 0.3571 0.1284 0.0836
0 0.4136 0.3684 0.0773 0.0619
0 0.5035 0.3823 0.0986 0.0506
0 0.6194 0.3953 0.1387 0.0684
0 0.7321 0.4054 0.1059 0.0580
0 0.7850 0.4150 0.0144 0.0217
0 0.8095 0.4156 0.0329 0.0422
0 0.8512 0.4129 0.0496 0.0397
0 0.8884 0.4109 0.0239 0.0134
0 0.2742 0.4057 0.1428 0.0531
0 0.3590 0.4264 0.0125 0.0195
0 0.4090 0.4190 0.0792 0.0353
0 0.4617 0.4201 0.0178 0.0124
0 0.5306 0.4300 0.1084 0.0434
0 0.5976 0.4384 0.0092 0.0101
0 0.3448 0.4662 0.1507 0.0518
0 0.4298 0.4687 0.0180 0.0124
0 0.4579 0.4720 0.0407 0.0274
0 0.5247 0.4701 0.0743 0.0374
0 0.5971 0.4814 0.0387 0.0240
0 0.5675 0.4922 0.0100 0.0150
0 0.6892 0.4889 0.1256 0.0499
0 0.8003 0.4949 0.0867 0.0371
0 0.8480 0.5035 0.0100 0.0099
0 0.9101 0.4944 0.0813 0.0499
0 0.2544 0.5163 0.1004 0.0521
0 0.3797 0.5148 0.1094 0.0517
0 0.4671 0.5174 0.0425 0.0349
0 0.4399 0.5249 0.0131 0.0219
0 0.5559 0.5301 0.1284 0.0435
0 0.6690 0.5325 0.0824 0.0316
0 0.7090 0.5447 0.0069 0.0116
0 0.7636 0.5436 0.0772 0.0344
0 0.8754 0.5428 0.1424 0.0467
0 0.7386 0.5817 0.1189 0.0523
0 0.5543 0.5773 0.2392 0.0602
0 0.8099 0.5790 0.0225 0.0358
0 0.4308 0.5755 0.0200 0.0288
0 0.3906 0.5644 0.0783 0.0455
0 0.2852 0.5535 0.1204 0.0625
