0 0.2309 0.2123 0.3034 0.0384
0 0.3930 0.2153 0.0417 0.0223
0 0.4498 0.2055 0.0774 0.0304
0 0.5928 0.2040 0.1607 0.0330
0 0.7571 0.2051 0.1143 0.0268
0 0.1530 0.2449 0.1726 0.0259
0 0.2429 0.2532 0.0357 0.0286
0 0.3778 0.2453 0.1916 0.0518
0 0.5510 0.2360 0.0797 0.0304
0 0.7210 0.2396 0.2309 0.0375
0 0.1168 0.2777 0.0975 0.0277
0 0.2432 0.2812 0.1393 0.0375
0 0.4958 0.2761 0.3249 0.0384
0 0.7538 0.2670 0.1271 0.0339
0 0.1401 0.3204 0.1523 0.0491
0 0.4751 0.3057 0.4392 0.0420
0 0.7542 0.3012 0.0833 0.0357
0 0.1528 0.3506 0.1916 0.0429
0 0.3526 0.3451 0.1607 0.0375
0 0.5549 0.3378 0.1904 0.0339
0 0.7323 0.3318 0.1869 0.0330
0 0.2156 0.3815 0.1952 0.0491
0 0.5265 0.3742 0.3642 0.0455
0 0.1678 0.4104 0.2107 0.0375
0 0.5257 0.4074 0.4487 0.0509
0 0.1095 0.4547 0.0857 0.0455
0 0.3440 0.4488 0.3713 0.0393
0 0.5438 0.4458 0.0238 0.0277
0 0.7037 0.4338 0.2547 0.0259
0 0.1801 0.4898 0.2213 0.0518
0 0.2494 0.5191 0.2487 0.0437
0 0.4508 0.5091 0.0905 0.0321
0 0.6289 0.5026 0.1857 0.0330
0 0.8006 0.4986 0.1178 0.0277
0 0.1771 0.5584 0.2571 0.0473
0 0.4278 0.5448 0.1833 0.0312
0 0.5254 0.5538 0.0369 0.0187
0 0.5986 0.5335 0.1000 0.0420
0 0.7436 0.5409 0.1928 0.0402
0 0.1718 0.5976 0.2214 0.0536
0 0.5395 0.5752 0.1012 0.0393
0 0.7399 0.5733 0.2297 0.0411
0 0.1018 0.6314 0.1202 0.0295
0 0.2627 0.6259 0.1559 0.0268
0 0.3496 0.6380 0.0381 0.0232
0 0.4559 0.6251 0.1785 0.0420
0 0.7353 0.6099 0.3094 0.0420
0 0.1543 0.6675 0.2059 0.0545
0 0.3543 0.6659 0.1726 0.0402
0 0.6567 0.6524 0.3856 0.0464
0 0.4290 0.6742 0.0357 0.0205
0 0.1116 0.7078 0.1094 0.0295
0 0.2226 0.6993 0.0952 0.0402
0 0.4202 0.7014 0.2321 0.0500
0 0.5548 0.6880 0.0512 0.0482
