0 0.3823 0.2714 0.0784 0.0428
0 0.4644 0.2731 0.0621 0.0295
0 0.1840 0.2981 0.1124 0.0295
0 0.2371 0.3069 0.0131 0.0138
0 0.2718 0.2998 0.0353 0.0190
0 0.3564 0.3021 0.1072 0.0347
0 0.4113 0.3039 0.0170 0.0133
0 0.4368 0.2989 0.0346 0.0200
0 0.5311 0.3019 0.1261 0.0233
0 0.5859 0.3073 0.0163 0.0119
0 0.6088 0.2977 0.0399 0.0176
0 0.6939 0.3029 0.1157 0.0280
0 0.7540 0.3051 0.0163 0.0185
0 0.7837 0.2996 0.0314 0.0214
0 0.8492 0.2994 0.0874 0.0266
0 0.1463 0.3264 0.0399 0.0195
0 0.2048 0.3269 0.0680 0.0204
0 0.2796 0.3264 0.0647 0.0166
0 0.3486 0.3252 0.0417 0.0171
0 0.4276 0.3234 0.0941 0.0190
0 0.4672 0.3293 0.0150 0.0114
0 0.5343 0.3272 0.1130 0.0266
0 0.6321 0.3298 0.0836 0.0290
0 0.7359 0.3279 0.1024 0.0280
0 0.8043 0.3291 0.0392 0.0276
0 0.8315 0.3303 0.0268 0.0162
0 0.1609 0.3590 0.0830 0.0347
0 0.2334 0.3530 0.0418 0.0171
0 0.2992 0.3535 0.0706 0.0209
0 0.3368 0.3590 0.0235 0.0124
0 0.3697 0.3532 0.0477 0.0176
0 0.4359 0.3552 0.0745 0.0242
0 0.4810 0.3585 0.0091 0.0143
0 0.5044 0.3530 0.0366 0.0200
0 0.6313 0.3581 0.1875 0.0328
0 0.7952 0.3494 0.1183 0.0266
0 0.1936 0.3847 0.1372 0.0333
0 0.3571 0.3854 0.1614 0.0318
0 0.4612 0.3835 0.0418 0.0280
0 0.5427 0.3773 0.0992 0.0352
0 0.6576 0.3793 0.1124 0.0252
0 0.7971 0.3775 0.1470 0.0357
0 0.1857 0.4103 0.1242 0.0290
0 0.2821 0.4143 0.0392 0.0285
0 0.3928 0.4084 0.1496 0.0223
0 0.5177 0.4053 0.0771 0.0190
0 0.6189 0.4096 0.1045 0.0247
0 0.7793 0.4064 0.1919 0.0323
0 0.1417 0.4350 0.0307 0.0200
0 0.2093 0.4369 0.0797 0.0238
0 0.2893 0.4393 0.0647 0.0314
0 0.3771 0.4319 0.0987 0.0333
0 0.5041 0.4326 0.1333 0.0290
0 0.6095 0.4383 0.0634 0.0295
0 0.7051 0.4339 0.1045 0.0261
0 0.8129 0.4360 0.0980 0.0304
0 0.1608 0.4614 0.0771 0.0228
0 0.2442 0.4602 0.0718 0.0176
0 0.3323 0.4633 0.0758 0.0266
0 0.4617 0.4620 0.1483 0.0352
0 0.5338 0.4641 0.0149 0.0143
0 0.5926 0.4624 0.0934 0.0247
0 0.6702 0.4631 0.0653 0.0261
0 0.7478 0.4562 0.0706 0.0152
0 0.8216 0.4622 0.0738 0.0299
0 0.1961 0.4852 0.1451 0.0342
0 0.2683 0.4927 0.0144 0.0105
0 0.3253 0.4840 0.0895 0.0181
0 0.4141 0.4847 0.0699 0.0166
0 0.5211 0.4868 0.1143 0.0318
0 0.6620 0.4887 0.1490 0.0247
0 0.8083 0.4834 0.1194 0.0252
0 0.1394 0.5199 0.0399 0.0314
0 0.2243 0.5162 0.1124 0.0323
0 0.3233 0.5177 0.0771 0.0271
0 0.4434 0.5176 0.1536 0.0323
0 0.5763 0.5154 0.0804 0.0280
0 0.6654 0.5118 0.0836 0.0376
0 0.7462 0.5166 0.0647 0.0276
0 0.8442 0.5091 0.1078 0.0266
0 0.1947 0.5418 0.1477 0.0309
0 0.3905 0.5399 0.2116 0.0242
0 0.5711 0.5408 0.1228 0.0371
0 0.6304 0.5426 0.0274 0.0157
0 0.6836 0.5402 0.0784 0.0276
0 0.7878 0.5434 0.1117 0.0257
0 0.8690 0.5395 0.0464 0.0290
0 0.1996 0.5701 0.1464 0.0318
0 0.3418 0.5667 0.1170 0.0195
0 0.4376 0.5640 0.0640 0.0252
0 0.5296 0.5705 0.0869 0.0299
0 0.6190 0.5646 0.0686 0.0209
0 0.6914 0.5694 0.0412 0.0304
0 0.7297 0.5684 0.0372 0.0285
0 0.7547 0.5685 0.0150 0.0176
0 0.7791 0.5708 0.0359 0.0304
0 0.8275 0.5663 0.0523 0.0214
0 0.8820 0.5639 0.0529 0.0166
0 0.1434 0.5943 0.0340 0.0247
0 0.2446 0.5918 0.1391 0.0280
0 0.3647 0.5934 0.0738 0.0228
0 0.4837 0.5924 0.1313 0.0238
0 0.5555 0.5974 0.0110 0.0114
0 0.5825 0.5938 0.0372 0.0181
0 0.6597 0.5942 0.1000 0.0190
0 0.7591 0.5917 0.0627 0.0166
0 0.8508 0.5919 0.1043 0.0171
0 0.1439 0.6240 0.0379 0.0314
0 0.1898 0.6189 0.0464 0.0128
0 0.2179 0.6233 0.0163 0.0133
0 0.2519 0.6201 0.0399 0.0181
0 0.3166 0.6235 0.0804 0.0247
0 0.4020 0.6218 0.0706 0.0214
0 0.4969 0.6225 0.0993 0.0228
0 0.5763 0.6240 0.0359 0.0285
0 0.6463 0.6201 0.1065 0.0318
0 0.7711 0.6186 0.1117 0.0233
0 0.1503 0.6489 0.0451 0.0366
0 0.2285 0.6511 0.0987 0.0299
0 0.3257 0.6470 0.0653 0.0162
0 0.3936 0.6463 0.0484 0.0204
0 0.4468 0.6532 0.0353 0.0285
0 0.5127 0.6492 0.0836 0.0261
0 0.5799 0.6465 0.0404 0.0181
0 0.1679 0.6723 0.0915 0.0390
0 0.2619 0.6714 0.0849 0.0317
0 0.3411 0.6795 0.0405 0.0285
0 0.4070 0.6775 0.0863 0.0328
0 0.4842 0.6782 0.0490 0.0342
0 0.5360 0.6727 0.0359 0.0204
0 0.5581 0.6760 0.0190 0.0214
0 0.5854 0.6791 0.0346 0.0276
0 0.6827 0.6734 0.1542 0.0219
0 0.7879 0.6779 0.0425 0.0280
0 0.1812 0.7013 0.1235 0.0304
0 0.2965 0.7014 0.0791 0.0223
0 0.3723 0.7038 0.0528 0.0242
0 0.4009 0.7036 0.0130 0.0128
0 0.4665 0.6988 0.1052 0.0171
0 0.5509 0.7024 0.0463 0.0271
0 0.5858 0.7023 0.0105 0.0157
0 0.6461 0.7034 0.1005 0.0290
0 0.2013 0.7264 0.1581 0.0166
0 0.2849 0.7322 0.0170 0.0200
0 0.3132 0.7305 0.0320 0.0276
0 0.4128 0.7253 0.1424 0.0257
0 0.5202 0.7227 0.0542 0.0176
0 0.6198 0.7284 0.1090 0.0261
0 0.7516 0.7279 0.1143 0.0309
0 0.8109 0.7280 0.0163 0.0143
0 0.7215 0.7012 0.0568 0.0247
0 0.7579 0.7029 0.0131 0.0114
0 0.7859 0.7032 0.0386 0.0314
0 0.1906 0.7530 0.1340 0.0200
0 0.3025 0.7537 0.0634 0.0185
0 0.3845 0.7521 0.0718 0.0152
0 0.4609 0.7507 0.0386 0.0181
0 0.5345 0.7530 0.0719 0.0171
0 0.6373 0.7516 0.0941 0.0338
0 0.7332 0.7492 0.0802 0.0290
0 0.7945 0.7502 0.0307 0.0143
0 0.8357 0.7576 0.0353 0.0290
0 0.1735 0.7795 0.1026 0.0285
0 0.2308 0.7815 0.0144 0.0214
0 0.2569 0.7833 0.0333 0.0333
0 0.3424 0.7842 0.1209 0.0295
0 0.4074 0.7861 0.0176 0.0138
0 0.4344 0.7834 0.0438 0.0252
0 0.5210 0.7806 0.1253 0.0223
0 0.6301 0.7764 0.0686 0.0166
0 0.1738 0.8110 0.0947 0.0304
0 0.2754 0.8064 0.0758 0.0323
0 0.3765 0.8131 0.1169 0.0318
0 0.4827 0.8048 0.0765 0.0290
0 0.6258 0.8044 0.1933 0.0366
0 0.6955 0.7844 0.0410 0.0271
0 0.7553 0.7811 0.0856 0.0261
0 0.7892 0.8046 0.1089 0.0342
0 0.1670 0.8344 0.0784 0.0299
0 0.2417 0.8322 0.0444 0.0228
0 0.3406 0.8320 0.1339 0.0252
0 0.4614 0.8360 0.0895 0.0247
0 0.5605 0.8251 0.0737 0.0280
0 0.6466 0.8375 0.0876 0.0333
0 0.7867 0.8351 0.1817 0.0285
0 0.1467 0.8616 0.0379 0.0233
0 0.2030 0.8596 0.0699 0.0247
0 0.2689 0.8579 0.0516 0.0185
0 0.3465 0.8586 0.0791 0.0200
0 0.3877 0.8643 0.0144 0.0119
0 0.4467 0.8622 0.1045 0.0328
0 0.4966 0.8656 0.0183 0.0090
0 0.5775 0.8631 0.1384 0.0261
0 0.6896 0.8612 0.0765 0.0252
0 0.7912 0.8599 0.1242 0.0280
0 0.1796 0.8912 0.1065 0.0323
0 0.3519 0.8919 0.2039 0.0338
0 0.4869 0.8834 0.0378 0.0195
0 0.5504 0.8912 0.0758 0.0323
0 0.6408 0.8888 0.0817 0.0304
0 0.7762 0.8887 0.1719 0.0357
