0 0.2655 0.0920 0.2116 0.0451
0 0.5201 0.0957 0.2651 0.0387
0 0.7838 0.0917 0.2149 0.0278
0 0.1826 0.1362 0.0512 0.0223
0 0.2954 0.1354 0.1297 0.0291
0 0.4726 0.1374 0.1842 0.0360
0 0.6417 0.1336 0.0973 0.0310
0 0.8307 0.1317 0.2058 0.0329
0 0.1898 0.1752 0.0769 0.0310
0 0.3265 0.1771 0.1670 0.0291
0 0.4725 0.1757 0.0866 0.0236
0 0.5263 0.1780 0.0165 0.0198
0 0.6225 0.1769 0.1422 0.0316
0 0.7821 0.1706 0.1198 0.0217
0 0.8999 0.1769 0.0526 0.0316
0 0.1926 0.2221 0.0769 0.0248
0 0.2574 0.2186 0.0231 0.0316
0 0.3027 0.2197 0.0636 0.0366
0 0.4019 0.2140 0.1231 0.0335
0 0.5322 0.2152 0.0810 0.0248
0 0.6335 0.2129 0.0504 0.0341
0 0.7873 0.2089 0.2108 0.0372
0 0.2163 0.2567 0.1187 0.0217
0 0.3984 0.2565 0.2190 0.0242
0 0.5258 0.2601 0.0182 0.0174
0 0.5765 0.2548 0.0752 0.0236
0 0.7292 0.2551 0.1750 0.0242
0 0.8848 0.2553 0.1058 0.0217
0 0.2440 0.3011 0.1685 0.0273
0 0.3881 0.3041 0.0595 0.0360
0 0.4784 0.3011 0.0957 0.0273
0 0.5834 0.2945 0.0612 0.0279
0 0.6971 0.2999 0.1413 0.0304
0 0.8558 0.2976 0.1254 0.0229
0 0.2480 0.3453 0.1793 0.0322
0 0.3972 0.3462 0.0694 0.0285
0 0.5419 0.3408 0.1810 0.0372
0 0.7387 0.3374 0.1719 0.0248
0 0.8760 0.3370 0.0659 0.0490
0 0.2322 0.3888 0.1422 0.0360
0 0.3809 0.3820 0.1090 0.0223
0 0.5062 0.3823 0.0957 0.0229
0 0.5977 0.3845 0.0593 0.0329
0 0.8232 0.3816 0.1603 0.0353
0 0.1879 0.4235 0.0619 0.0248
0 0.3138 0.4635 0.1471 0.0465
0 0.4760 0.4651 0.1437 0.0384
0 0.6059 0.4703 0.0562 0.0378
0 0.7591 0.4683 0.1709 0.0366
0 0.1772 0.5088 0.0545 0.0205
0 0.2138 0.5172 0.0165 0.0205
0 0.2679 0.5104 0.0636 0.0347
0 0.4823 0.5093 0.3174 0.0298
0 0.7120 0.5030 0.0684 0.0198
0 0.8613 0.5043 0.1810 0.0446
0 0.2255 0.5468 0.1289 0.0353
0 0.3587 0.5567 0.1090 0.0329
0 0.4273 0.5534 0.0214 0.0180
0 0.5265 0.5460 0.1670 0.0254
0 0.6266 0.5528 0.0198 0.0223
0 0.7194 0.5495 0.1527 0.0322
0 0.8600 0.5507 0.0950 0.0291
0 0.1983 0.5910 0.0661 0.0459
0 0.3900 0.5899 0.2884 0.0298
0 0.5610 0.5982 0.0248 0.0186
0 0.6060 0.5905 0.0703 0.0310
0 0.7608 0.5905 0.2271 0.0366
0 0.1956 0.6309 0.0801 0.0285
0 0.3567 0.6377 0.1967 0.0366
0 0.5773 0.6317 0.2075 0.0384
0 0.7397 0.6351 0.0793 0.0341
0 0.8757 0.6322 0.1653 0.0254
0 0.1976 0.6771 0.0785 0.0236
0 0.3186 0.6749 0.1149 0.0248
0 0.4520 0.6713 0.1124 0.0205
0 0.5626 0.6700 0.0585 0.0205
0 0.6950 0.6743 0.1289 0.0291
0 0.8536 0.6716 0.1488 0.0459
0 0.2182 0.7174 0.1198 0.0403
0 0.3299 0.7152 0.0569 0.0192
0 0.4014 0.7184 0.0612 0.0285
0 0.5452 0.7175 0.1653 0.0322
0 0.6401 0.7209 0.0163 0.0167
0 0.6836 0.7218 0.0560 0.0298
0 0.8402 0.7215 0.2165 0.0291
0 0.1873 0.7647 0.0718 0.0322
0 0.3318 0.7607 0.2025 0.0242
0 0.5172 0.7585 0.1289 0.0198
0 0.6183 0.7637 0.0504 0.0329
0 0.7334 0.7643 0.1502 0.0285
0 0.8271 0.7646 0.0182 0.0236
0 0.8692 0.7626 0.0579 0.0279
0 0.2402 0.8036 0.1636 0.0322
0 0.4131 0.7988 0.1124 0.0366
0 0.5943 0.8064 0.1941 0.0322
0 0.7850 0.7976 0.1256 0.0508
0 0.3358 0.8485 0.3744 0.0360
0 0.6528 0.8453 0.2000 0.0490
0 0.8603 0.8461 0.1568 0.0310
0 0.1891 0.8848 0.0727 0.0335
0 0.3617 0.8900 0.2207 0.0329
0 0.5893 0.8899 0.1536 0.0353
0 0.6729 0.8966 0.0124 0.0155
0 0.7599 0.8887 0.1364 0.0329
