0 0.1752 0.0767 0.1309 0.0311
0 0.2922 0.0755 0.0566 0.0233
0 0.3853 0.0774 0.0929 0.0270
0 0.4763 0.0767 0.0443 0.0229
0 0.5780 0.0810 0.1365 0.0315
0 0.0771 0.1044 0.1181 0.0366
0 0.1852 0.1036 0.0566 0.0239
0 0.3096 0.1083 0.1525 0.0277
0 0.3996 0.1405 0.1132 0.0338
0 0.2866 0.1366 0.0621 0.0288
0 0.1432 0.1383 0.2030 0.0321
0 0.7052 0.0785 0.0966 0.0238
0 0.6789 0.1121 0.1218 0.0270
0 0.5537 0.1128 0.0880 0.0311
0 0.4465 0.1075 0.0818 0.0206
0 0.8132 0.0788 0.0791 0.0353
0 0.9091 0.0871 0.0960 0.0297
0 0.8248 0.1121 0.1218 0.0297
0 0.9400 0.1179 0.0939 0.0247
0 0.7458 0.1142 0.0082 0.0063
0 0.7563 0.0832 0.0070 0.0081
0 0.4879 0.1129 0.0175 0.0147
0 0.4594 0.1394 0.0076 0.0066
