0 0.3705 0.3080 0.1327 0.0298
0 0.4894 0.3123 0.0928 0.0163
0 0.3644 0.2722 0.1621 0.0277
0 0.5624 0.2803 0.2138 0.0217
0 0.3443 0.2391 0.3359 0.0255
0 0.1287 0.3278 0.1797 0.0250
0 0.2767 0.3384 0.0728 0.0157
0 0.4020 0.3405 0.1680 0.0255
0 0.5423 0.3387 0.0763 0.0163
0 0.6915 0.3436 0.2220 0.0233
0 0.8002 0.3446 0.0226 0.0114
0 0.8486 0.3407 0.0611 0.0146
0 0.1330 0.3582 0.2243 0.0304
0 0.2405 0.3671 0.0282 0.0092
0 0.2872 0.3643 0.0411 0.0146
0 0.3806 0.3666 0.1445 0.0250
0 0.5249 0.3684 0.1081 0.0174
0 0.6254 0.3679 0.0564 0.0136
0 0.7432 0.3673 0.1503 0.0206
0 0.8253 0.3650 0.0505 0.0244
0 0.2702 0.3903 0.3488 0.0418
0 0.5285 0.4022 0.1515 0.0212
0 0.6443 0.4039 0.0775 0.0217
0 0.7729 0.4067 0.1597 0.0217
0 0.8836 0.4040 0.0728 0.0163
0 0.0953 0.4184 0.1128 0.0201
0 0.2098 0.4218 0.0752 0.0157
0 0.3088 0.4284 0.1092 0.0179
0 0.3617 0.4305 0.0235 0.0081
0 0.4015 0.4307 0.0669 0.0141
0 0.5842 0.4364 0.2878 0.0255
0 0.7361 0.4331 0.0305 0.0217
0 0.8463 0.4355 0.1621 0.0266
0 0.9243 0.4421 0.0208 0.0119
0 0.1712 0.4492 0.2091 0.0401
0 0.3944 0.4580 0.2055 0.0244
0 0.5263 0.4617 0.0693 0.0233
0 0.6432 0.4602 0.1503 0.0288
0 0.8095 0.4648 0.1550 0.0157
0 0.1167 0.4740 0.2055 0.0396
0 0.3465 0.4856 0.2208 0.0212
0 0.6054 0.4906 0.2607 0.0228
0 0.7391 0.4976 0.0200 0.0119
0 0.7967 0.4937 0.1128 0.0152
0 0.8848 0.4958 0.0752 0.0250
0 0.0929 0.5016 0.1468 0.0282
0 0.1160 0.5288 0.1515 0.0298
0 0.2999 0.5362 0.1832 0.0195
0 0.4408 0.5370 0.0928 0.0184
0 0.5780 0.5373 0.1421 0.0190
0 0.7401 0.5400 0.1468 0.0217
0 0.8651 0.5364 0.1163 0.0201
0 0.0703 0.5551 0.1128 0.0184
0 0.1874 0.5603 0.1386 0.0233
0 0.3773 0.5633 0.2185 0.0239
0 0.4756 0.5692 0.0317 0.0163
0 0.5740 0.5656 0.1480 0.0201
0 0.6960 0.5725 0.1198 0.0228
0 0.8128 0.5674 0.1034 0.0125
0 0.9023 0.5695 0.0740 0.0222
0 0.1139 0.5810 0.2055 0.0315
0 0.2006 0.5910 0.0235 0.0098
0 0.2874 0.5878 0.1304 0.0201
0 0.4346 0.5926 0.1081 0.0130
0 0.5783 0.5980 0.1844 0.0266
0 0.1753 0.6102 0.1950 0.0260
0 0.3820 0.6167 0.1973 0.0222
0 0.8171 0.6003 0.2619 0.0228
0 0.1091 0.6317 0.1515 0.0244
0 0.2181 0.6375 0.0752 0.0195
0 0.3556 0.6381 0.1973 0.0179
0 0.5917 0.6433 0.2889 0.0228
0 0.7948 0.6436 0.0869 0.0206
0 0.8709 0.6440 0.0752 0.0157
0 0.0698 0.6592 0.1257 0.0184
0 0.2396 0.6647 0.2126 0.0266
0 0.4582 0.6661 0.1997 0.0239
0 0.6436 0.6676 0.1844 0.0184
0 0.7977 0.6659 0.1010 0.0179
0 0.8962 0.6688 0.0951 0.0266
0 0.1150 0.6798 0.1022 0.0179
0 0.2177 0.6892 0.0576 0.0201
0 0.2804 0.6878 0.0775 0.0228
0 0.3152 0.6907 0.0221 0.0092
0 0.3522 0.6889 0.0517 0.0222
0 0.4376 0.6889 0.0975 0.0195
0 0.5463 0.6895 0.1010 0.0206
0 0.6520 0.6903 0.0622 0.0195
0 0.7931 0.6945 0.1750 0.0195
0 0.0659 0.7037 0.0986 0.0184
0 0.2395 0.7091 0.1985 0.0266
0 0.3827 0.7120 0.0599 0.0212
0 0.4943 0.7162 0.1386 0.0184
0 0.6142 0.7189 0.0951 0.0184
0 0.7244 0.7207 0.0822 0.0136
0 0.8442 0.7278 0.1550 0.0250
0 0.0368 0.7198 0.0458 0.0146
0 0.1125 0.7377 0.1445 0.0309
0 0.2520 0.7481 0.1151 0.0212
0 0.3441 0.7516 0.0576 0.0282
0 0.4470 0.7525 0.1468 0.0244
0 0.5427 0.7498 0.0493 0.0163
0 0.6121 0.7563 0.0658 0.0266
0 0.7802 0.7603 0.2299 0.0206
0 0.0335 0.7620 0.0669 0.0212
0 0.1184 0.7697 0.1175 0.0282
0 0.1817 0.7743 0.0329 0.0152
0 0.2510 0.7747 0.1186 0.0271
0 0.3522 0.7770 0.0904 0.0206
0 0.3961 0.7790 0.0200 0.0109
0 0.4938 0.7773 0.1292 0.0157
0 0.6073 0.7839 0.0869 0.0206
0 0.7469 0.7859 0.1633 0.0190
0 0.8698 0.7905 0.0869 0.0255
