0 0.2832 0.1187 0.1663 0.0429
0 0.2645 0.1659 0.1374 0.0400
0 0.3415 0.1652 0.0275 0.0443
0 0.4684 0.1218 0.0701 0.0408
0 0.5836 0.1232 0.1367 0.0465
0 0.7051 0.1251 0.0795 0.0307
0 0.8652 0.1289 0.2165 0.0578
0 0.2897 0.2191 0.2015 0.0466
0 0.4010 0.1614 0.0881 0.0477
0 0.5284 0.1826 0.1567 0.0542
0 0.7201 0.1795 0.1792 0.0451
0 0.8577 0.1726 0.0626 0.0424
0 0.5749 0.2325 0.0192 0.0177
0 0.5056 0.2254 0.1363 0.0369
0 0.8657 0.2309 0.2313 0.0507
0 0.2781 0.2623 0.1535 0.0552
0 0.4100 0.2726 0.1255 0.0481
0 0.4710 0.2771 0.0169 0.0153
0 0.6629 0.2758 0.3257 0.0461
0 0.8670 0.2706 0.0785 0.0441
0 0.3686 0.3086 0.0344 0.0450
0 0.2714 0.3145 0.1567 0.0679
