0 0.4320 0.2726 0.2834 0.0230
0 0.6359 0.2720 0.1163 0.0135
0 0.7219 0.2743 0.0299 0.0125
0 0.7856 0.2710 0.0629 0.0115
0 0.8552 0.2709 0.0660 0.0113
0 0.6172 0.2979 0.1844 0.0153
0 0.4407 0.2920 0.1786 0.0201
0 0.4282 0.3145 0.1619 0.0261
0 0.2068 0.3105 0.1692 0.0237
0 0.3041 0.3115 0.0276 0.0063
0 0.5046 0.3193 0.0121 0.0080
0 0.5607 0.3146 0.0575 0.0125
0 0.7061 0.2973 0.0066 0.0029
0 0.7203 0.3198 0.2045 0.0202
0 0.8289 0.3218 0.0161 0.0075
0 0.8842 0.3463 0.1518 0.0203
0 0.9536 0.3521 0.0100 0.0041
0 0.7594 0.3448 0.0715 0.0117
0 0.6631 0.3443 0.1068 0.0135
0 0.5025 0.3403 0.1995 0.0278
0 0.2789 0.3319 0.2023 0.0221
0 0.3877 0.3375 0.0170 0.0084
0 0.2128 0.3534 0.1034 0.0263
0 0.4319 0.3617 0.2943 0.0318
0 0.6625 0.3682 0.1527 0.0198
0 0.7742 0.3707 0.0623 0.0191
0 0.8038 0.3727 0.0159 0.0066
0 0.1819 0.7052 0.1556 0.0244
0 0.0641 0.7038 0.0588 0.0187
0 0.2580 0.7082 0.0188 0.0052
0 0.2570 0.6834 0.2029 0.0224
0 0.0854 0.6850 0.1125 0.0255
0 0.4455 0.6870 0.1659 0.0239
0 0.6049 0.6931 0.1125 0.0224
0 0.8015 0.6968 0.2614 0.0213
0 0.8406 0.6776 0.1256 0.0164
0 0.6083 0.6723 0.1500 0.0224
0 0.7220 0.6715 0.0773 0.0125
0 0.8315 0.6571 0.1352 0.0169
0 0.6562 0.6528 0.1818 0.0224
0 0.4871 0.6642 0.0659 0.0146
0 0.8887 0.6830 0.0219 0.0077
0 0.3331 0.6408 0.0606 0.0149
0 0.3508 0.6638 0.1656 0.0248
0 0.4217 0.6428 0.1073 0.0189
0 0.1707 0.6641 0.1498 0.0253
0 0.2500 0.6426 0.0723 0.0157
0 0.5347 0.6476 0.0583 0.0147
0 0.0659 0.6563 0.0624 0.0181
0 0.1055 0.6361 0.1638 0.0277
0 0.1034 0.6126 0.1347 0.0224
0 0.2473 0.6230 0.0641 0.0181
0 0.3402 0.6236 0.0775 0.0195
0 0.2787 0.6259 0.0129 0.0075
0 0.4791 0.6252 0.1553 0.0198
0 0.6241 0.6283 0.1066 0.0150
0 0.7737 0.6367 0.1613 0.0206
0 0.7520 0.6059 0.1873 0.0229
0 0.7901 0.5865 0.1886 0.0231
0 0.8505 0.6370 0.0121 0.0046
0 0.8338 0.5620 0.0816 0.0129
0 0.5720 0.6027 0.1384 0.0164
0 0.5858 0.5826 0.2133 0.0235
0 0.5918 0.5601 0.3058 0.0258
0 0.2636 0.5711 0.1272 0.0227
0 0.2599 0.5944 0.1448 0.0278
0 0.4050 0.5793 0.0906 0.0197
0 0.4294 0.5994 0.0755 0.0183
0 0.0961 0.5870 0.0867 0.0157
0 0.1028 0.5672 0.0889 0.0149
0 0.1582 0.5751 0.0136 0.0058
0 0.1450 0.5931 0.0123 0.0056
0 0.1423 0.5449 0.1624 0.0342
0 0.2364 0.5210 0.1588 0.0282
0 0.1732 0.4980 0.1936 0.0266
0 0.1425 0.4761 0.1461 0.0272
0 0.1288 0.4554 0.0937 0.0163
0 0.1787 0.4372 0.1241 0.0272
0 0.1125 0.4167 0.1082 0.0167
0 0.1555 0.3951 0.1694 0.0207
0 0.1336 0.3249 0.0700 0.0219
0 0.1355 0.3767 0.1377 0.0227
0 0.2472 0.3765 0.0638 0.0113
0 0.2414 0.4184 0.0884 0.0173
0 0.3387 0.4447 0.1773 0.0199
0 0.1799 0.4205 0.0154 0.0076
0 0.2290 0.4012 0.0136 0.0052
0 0.3850 0.4001 0.1923 0.0252
0 0.3460 0.3791 0.1003 0.0165
0 0.3916 0.4228 0.1804 0.0205
0 0.4368 0.3783 0.0431 0.0149
0 0.4005 0.3826 0.0176 0.0068
0 0.2375 0.4641 0.1166 0.0171
0 0.3464 0.4868 0.2039 0.0264
0 0.4116 0.4660 0.2205 0.0292
0 0.3252 0.5525 0.1866 0.0217
0 0.4675 0.5270 0.1712 0.0207
0 0.2781 0.5032 0.0229 0.0064
0 0.5181 0.4910 0.1223 0.0181
0 0.6047 0.4759 0.1399 0.0240
0 0.4832 0.4483 0.0832 0.0244
0 0.5216 0.4689 0.0154 0.0129
0 0.4911 0.4249 0.0128 0.0081
0 0.5327 0.3852 0.1043 0.0203
0 0.6001 0.4092 0.2002 0.0268
0 0.5885 0.3858 0.0132 0.0076
0 0.6264 0.3826 0.0444 0.0097
0 0.6002 0.4509 0.1338 0.0185
0 0.5738 0.4972 0.0114 0.0083
0 0.6562 0.4946 0.1012 0.0143
0 0.7446 0.4566 0.1280 0.0215
0 0.7004 0.4769 0.0924 0.0206
0 0.8060 0.4755 0.0898 0.0149
0 0.7853 0.4996 0.1817 0.0242
0 0.8673 0.4617 0.1012 0.0234
0 0.8150 0.4113 0.2077 0.0225
0 0.8018 0.3880 0.2785 0.0232
0 0.9473 0.3843 0.0308 0.0242
0 0.9263 0.4064 0.0136 0.0044
