0 0.2719 0.1301 0.1660 0.0436
0 0.4523 0.1355 0.0657 0.0321
0 0.5665 0.1369 0.1303 0.0516
0 0.6822 0.1344 0.0726 0.0355
0 0.8502 0.1387 0.2225 0.0608
0 0.2493 0.1720 0.1291 0.0413
0 0.3264 0.1713 0.0334 0.0482
0 0.3821 0.1641 0.0865 0.0505
0 0.5124 0.1911 0.1637 0.0516
0 0.7013 0.1893 0.1776 0.0424
0 0.8484 0.1773 0.0969 0.0436
0 0.2760 0.2260 0.1937 0.0436
0 0.4864 0.2286 0.1395 0.0321
0 0.5561 0.2379 0.0288 0.0229
0 0.6437 0.2351 0.1291 0.0424
0 0.8417 0.2349 0.2306 0.0505
0 0.2633 0.2608 0.1487 0.0493
0 0.3975 0.2751 0.1199 0.0447
0 0.4595 0.2830 0.0357 0.0298
0 0.6398 0.2757 0.3240 0.0459
0 0.8381 0.2780 0.0761 0.0505
0 0.2532 0.3172 0.1591 0.0677
0 0.3579 0.3246 0.0381 0.0631
