0 0.3991 0.0654 0.3009 0.0726
0 0.6777 0.0904 0.2998 0.0641
0 0.8273 0.0889 0.0267 0.0112
0 0.2475 0.1502 0.1840 0.0587
0 0.4407 0.1501 0.1315 0.0474
0 0.2625 0.1980 0.2194 0.0460
0 0.4294 0.1893 0.0866 0.0287
0 0.5926 0.1861 0.2270 0.0362
0 0.7536 0.1859 0.0766 0.0301
0 0.6971 0.1978 0.0220 0.0150
0 0.2665 0.2637 0.1581 0.0358
0 0.3568 0.2625 0.0135 0.0112
0 0.3815 0.2239 0.0657 0.0227
0 0.3316 0.2306 0.0216 0.0168
0 0.2158 0.2359 0.2093 0.0523
0 0.1366 0.2734 0.0621 0.0328
0 0.5041 0.2620 0.2471 0.0433
0 0.6296 0.2277 0.0176 0.0166
0 0.6889 0.2250 0.0639 0.0223
0 0.7393 0.2693 0.1870 0.0386
0 0.7811 0.2234 0.1094 0.0245
0 0.8879 0.2296 0.0785 0.0287
0 0.1836 0.3107 0.1673 0.0548
0 0.2976 0.3073 0.0673 0.0395
0 0.4462 0.3050 0.1647 0.0433
0 0.3372 0.3158 0.0244 0.0204
0 0.5919 0.2995 0.0811 0.0268
0 0.7180 0.3047 0.1304 0.0344
0 0.8401 0.3054 0.0802 0.0303
0 0.7757 0.3145 0.0236 0.0178
0 0.1577 0.3526 0.1155 0.0469
0 0.2724 0.3399 0.0698 0.0269
0 0.5153 0.3446 0.3833 0.0419
0 0.7093 0.3444 0.0187 0.0111
0 0.2851 0.3829 0.2174 0.0464
0 0.3935 0.3869 0.0147 0.0128
0 0.3063 0.7273 0.2237 0.0547
0 0.5622 0.3845 0.2965 0.0441
0 0.8147 0.3792 0.1794 0.0363
0 0.1867 0.4271 0.1817 0.0513
0 0.3272 0.4212 0.0766 0.0452
0 0.4878 0.4173 0.1839 0.0402
0 0.7126 0.4148 0.2252 0.0296
0 0.8300 0.4179 0.0127 0.0080
0 0.2543 0.4598 0.2698 0.0528
0 0.5407 0.4532 0.2536 0.0398
0 0.8004 0.4531 0.2646 0.0368
0 0.9114 0.4726 0.0255 0.0119
0 0.2774 0.4970 0.3353 0.0384
0 0.1795 0.5390 0.1506 0.0475
0 0.3456 0.5350 0.1274 0.0423
0 0.4553 0.4947 0.0162 0.0088
0 0.4269 0.5343 0.0149 0.0130
0 0.6548 0.4937 0.3567 0.0485
0 0.8724 0.4896 0.0670 0.0237
0 0.5507 0.5263 0.1764 0.0442
0 0.7984 0.5297 0.2552 0.0315
0 0.1748 0.5804 0.1024 0.0413
0 0.3545 0.5706 0.2062 0.0273
0 0.5927 0.5741 0.2048 0.0481
0 0.7787 0.5703 0.1379 0.0407
0 0.1517 0.6078 0.1173 0.0267
0 0.1611 0.6549 0.1112 0.0459
0 0.3040 0.6167 0.1830 0.0556
0 0.5519 0.6074 0.2871 0.0537
0 0.6971 0.6168 0.0137 0.0170
0 0.8170 0.6058 0.1896 0.0450
0 0.8956 0.6488 0.0246 0.0170
0 0.2893 0.6483 0.1259 0.0326
0 0.4626 0.6494 0.1557 0.0350
0 0.7240 0.6401 0.3425 0.0329
0 0.1976 0.6897 0.1674 0.0293
0 0.3628 0.6892 0.1422 0.0339
0 0.5538 0.6910 0.2048 0.0542
0 0.7985 0.6768 0.2636 0.0452
0 0.9278 0.6854 0.0139 0.0125
0 0.3973 0.7775 0.0112 0.0188
0 0.4330 0.7395 0.0159 0.0151
0 0.4829 0.7324 0.0686 0.0482
0 0.6327 0.7220 0.2321 0.0495
0 0.8426 0.7188 0.1714 0.0404
0 0.2496 0.7705 0.2853 0.0522
0 0.5014 0.7701 0.1861 0.0457
0 0.6609 0.7692 0.1801 0.0495
0 0.7583 0.7616 0.0194 0.0121
0 0.8583 0.7550 0.1639 0.0516
0 0.7649 0.7993 0.1492 0.0292
0 0.8936 0.8002 0.0984 0.0392
0 0.5635 0.8119 0.2408 0.0460
0 0.2694 0.8087 0.3222 0.0451
0 0.1716 0.8351 0.1016 0.0286
0 0.2196 0.8490 0.0226 0.0230
0 0.3192 0.8466 0.1635 0.0460
0 0.2073 0.8805 0.1924 0.0360
0 0.1399 0.9184 0.0631 0.0395
0 0.2663 0.9182 0.1381 0.0254
0 0.3700 0.8837 0.1123 0.0369
0 0.5043 0.8528 0.1531 0.0501
0 0.4379 0.8968 0.0202 0.0159
0 0.4415 0.9264 0.1218 0.0277
0 0.5236 0.9306 0.0167 0.0112
0 0.5589 0.8918 0.1956 0.0448
0 0.7204 0.8786 0.1186 0.0321
0 0.6381 0.8486 0.1095 0.0472
0 0.8218 0.8404 0.2380 0.0531
0 0.8484 0.8764 0.0690 0.0389
0 0.9121 0.8688 0.0603 0.0348
0 0.6048 0.9147 0.0790 0.0377
0 0.7954 0.9141 0.2658 0.0448
0 0.5340 0.1535 0.0124 0.0097
