0 0.2448 0.1288 0.2534 0.0466
0 0.4203 0.1203 0.0768 0.0324
0 0.5576 0.1164 0.1652 0.0410
0 0.6519 0.1249 0.0316 0.0221
0 0.7159 0.1126 0.0873 0.0308
0 0.1546 0.1683 0.2230 0.0505
0 0.3728 0.1634 0.1650 0.0324
0 0.5365 0.1562 0.0842 0.0458
0 0.6684 0.1637 0.1841 0.0497
0 0.8385 0.1525 0.0965 0.0355
0 0.1396 0.2084 0.1515 0.0529
0 0.2691 0.1967 0.0631 0.0324
0 0.4486 0.2034 0.2556 0.0458
0 0.6735 0.1950 0.1525 0.0205
0 0.1775 0.2398 0.2356 0.0379
0 0.4294 0.2368 0.1978 0.0513
0 0.6157 0.2384 0.1397 0.0434
0 0.6764 0.2420 0.0334 0.0229
0 0.7829 0.2342 0.2020 0.0379
0 0.1260 0.2768 0.1409 0.0481
0 0.2377 0.2693 0.1031 0.0387
0 0.3997 0.2834 0.2188 0.0529
0 0.5309 0.2681 0.0452 0.0473
0 0.5144 0.3443 0.1483 0.0442
0 0.7689 0.3483 0.2238 0.0410
0 0.4611 0.3914 0.1473 0.0355
0 0.6355 0.3874 0.1988 0.0442
0 0.5654 0.4194 0.3198 0.0331
0 0.5030 0.4586 0.1671 0.0339
0 0.7281 0.4550 0.2451 0.0434
