0 0.1188 0.0741 0.1321 0.0481
0 0.2313 0.0703 0.0905 0.0351
0 0.3643 0.0662 0.1425 0.0351
0 0.5264 0.0636 0.1778 0.0384
0 0.6955 0.0649 0.1383 0.0436
0 0.7972 0.0603 0.0556 0.0485
0 0.8877 0.0612 0.1420 0.0475
0 0.1341 0.1128 0.1544 0.0339
0 0.2217 0.1181 0.0212 0.0223
0 0.4093 0.1092 0.3408 0.0378
0 0.2585 0.1439 0.1865 0.0378
0 0.4060 0.1419 0.0593 0.0310
0 0.5111 0.1373 0.1223 0.0329
0 0.6266 0.1310 0.0642 0.0203
0 0.7622 0.1306 0.1939 0.0417
0 0.9303 0.1234 0.1272 0.0329
0 0.1025 0.1702 0.0827 0.0543
0 0.2122 0.1884 0.1272 0.0407
0 0.3667 0.1824 0.1667 0.0397
0 0.5085 0.1715 0.0864 0.0320
0 0.6696 0.1736 0.2198 0.0417
0 0.8614 0.1664 0.1284 0.0300
0 0.9397 0.1737 0.0321 0.0252
0 0.9724 0.1653 0.0559 0.0307
0 0.1709 0.2128 0.2112 0.0339
0 0.4168 0.2166 0.1420 0.0581
0 0.5445 0.2097 0.1111 0.0388
0 0.6078 0.2151 0.0238 0.0136
0 0.7780 0.2035 0.3087 0.0320
0 0.9716 0.1995 0.0543 0.0407
0 0.1650 0.2597 0.1716 0.0610
0 0.2641 0.2458 0.0394 0.0388
