0 0.1778 0.0484 0.1806 0.0689
0 0.4467 0.0442 0.3241 0.0689
0 0.7521 0.0461 0.2430 0.0728
0 0.1312 0.1209 0.1763 0.0612
0 0.2975 0.1261 0.0701 0.0660
0 0.3904 0.1223 0.1113 0.0613
0 0.2312 0.1117 0.0264 0.0318
0 0.5736 0.1086 0.2305 0.0421
0 0.8063 0.1079 0.1820 0.0407
0 0.6951 0.1239 0.0152 0.0117
0 0.1588 0.1854 0.2177 0.0569
0 0.2762 0.1882 0.0135 0.0097
0 0.2224 0.2475 0.2559 0.0616
0 0.4282 0.2366 0.0896 0.0343
0 0.3605 0.2357 0.0265 0.0131
0 0.5667 0.2286 0.1667 0.0489
0 0.7166 0.2316 0.0804 0.0299
0 0.6608 0.2489 0.0188 0.0199
0 0.8718 0.2342 0.2353 0.0489
0 0.1477 0.3036 0.1955 0.0433
0 0.3475 0.2890 0.0977 0.0558
0 0.2560 0.3168 0.0203 0.0169
0 0.4852 0.3128 0.1677 0.0617
0 0.6888 0.3013 0.2137 0.0665
0 0.8578 0.2844 0.0961 0.0467
0 0.8227 0.3584 0.2870 0.0474
0 0.6068 0.3712 0.1358 0.0591
0 0.1895 0.3778 0.2790 0.0555
0 0.4188 0.3640 0.1682 0.0392
0 0.5078 0.3791 0.0156 0.0194
0 0.1786 0.4300 0.2100 0.0739
0 0.3745 0.4290 0.1546 0.0525
0 0.6627 0.4257 0.4087 0.0597
0 0.4456 0.4413 0.0161 0.0188
0 0.9235 0.4090 0.0859 0.0402
0 0.9729 0.3633 0.0152 0.0128
0 0.1790 0.4982 0.2052 0.0687
0 0.3004 0.4884 0.0453 0.0574
0 0.5939 0.5432 0.2599 0.0781
0 0.6488 0.6030 0.3393 0.0893
