0 0.3209 0.1789 0.1695 0.0438
0 0.4578 0.1885 0.0906 0.0410
0 0.5028 0.1876 0.0111 0.0085
0 0.3196 0.1290 0.2004 0.0413
0 0.5225 0.1376 0.2311 0.0336
0 0.6463 0.1394 0.0149 0.0149
0 0.4325 0.0882 0.3983 0.0459
0 0.7123 0.0891 0.1524 0.0255
0 0.8836 0.0921 0.1895 0.0259
0 0.9701 0.0996 0.0124 0.0076
0 0.2546 0.2276 0.2287 0.0385
0 0.5407 0.2333 0.2036 0.0416
0 0.4003 0.2265 0.0811 0.0252
0 0.1077 0.2642 0.0765 0.0284
0 0.1960 0.2646 0.0837 0.0265
0 0.2619 0.2719 0.0655 0.0410
0 0.3573 0.2710 0.1340 0.0338
0 0.4613 0.2736 0.0642 0.0278
0 0.5754 0.2769 0.1564 0.0344
0 0.7200 0.2697 0.1234 0.0256
0 0.7735 0.2350 0.2497 0.0394
0 0.8725 0.2752 0.1728 0.0227
0 0.6394 0.2833 0.0344 0.0193
0 0.4154 0.2805 0.0252 0.0165
0 0.1341 0.2841 0.0322 0.0265
0 0.1729 0.3129 0.1875 0.0452
0 0.4295 0.3194 0.3145 0.0333
0 0.6156 0.3241 0.0784 0.0344
0 0.7377 0.3238 0.1560 0.0447
0 0.8506 0.3221 0.0762 0.0275
0 0.1170 0.3629 0.1368 0.0396
0 0.2403 0.3606 0.0833 0.0211
0 0.1794 0.3711 0.0311 0.0227
0 0.3392 0.3683 0.1173 0.0311
0 0.4439 0.3603 0.0739 0.0206
0 0.3823 0.3727 0.0425 0.0205
0 0.6567 0.3690 0.3468 0.0491
0 0.8163 0.3682 0.0187 0.0086
0 0.7355 0.4140 0.3515 0.0337
0 0.4403 0.4134 0.2444 0.0407
0 0.2142 0.4067 0.2117 0.0439
0 0.1555 0.4497 0.1916 0.0466
0 0.3511 0.4488 0.1856 0.0281
0 0.4412 0.4583 0.0212 0.0111
0 0.2747 0.4989 0.2577 0.0478
0 0.5277 0.5025 0.2331 0.0466
0 0.6738 0.5059 0.0559 0.0369
0 0.7571 0.5004 0.1143 0.0258
0 0.8694 0.5035 0.1166 0.0292
0 0.7096 0.4760 0.0803 0.0187
0 0.8276 0.4770 0.1524 0.0262
0 0.1972 0.5417 0.2833 0.0529
0 0.3977 0.5430 0.1232 0.0333
0 0.5082 0.5500 0.0970 0.0416
0 0.6383 0.5429 0.1405 0.0635
0 0.5505 0.5435 0.0148 0.0092
0 0.7995 0.5482 0.1989 0.0352
0 0.8265 0.5926 0.1501 0.0352
0 0.7904 0.6349 0.1475 0.0364
0 0.7725 0.6807 0.3644 0.0364
0 0.6834 0.7306 0.3224 0.0584
0 0.6308 0.5921 0.2645 0.0342
0 0.5404 0.6379 0.1196 0.0342
0 0.6512 0.6337 0.1162 0.0312
0 0.4051 0.5897 0.1603 0.0350
0 0.4069 0.6344 0.1637 0.0355
0 0.2511 0.5841 0.1660 0.0320
0 0.1082 0.5872 0.1248 0.0410
0 0.1742 0.6293 0.2873 0.0419
0 0.2989 0.6397 0.0423 0.0238
0 0.1926 0.6761 0.2990 0.0550
0 0.4688 0.6748 0.2710 0.0412
0 0.3242 0.6858 0.0289 0.0243
0 0.1632 0.7254 0.2014 0.0508
0 0.2993 0.7218 0.0681 0.0380
0 0.4275 0.7257 0.2105 0.0431
0 0.1121 0.7686 0.1437 0.0455
0 0.2397 0.7711 0.1571 0.0422
0 0.3112 0.7681 0.0141 0.0084
0 0.4195 0.7668 0.2111 0.0531
0 0.6441 0.7764 0.2548 0.0528
0 0.8640 0.7786 0.2141 0.0377
0 0.1413 0.8103 0.1687 0.0316
0 0.2990 0.8156 0.1092 0.0451
0 0.4017 0.8084 0.0951 0.0278
0 0.5457 0.8149 0.1469 0.0380
0 0.7016 0.8233 0.1422 0.0384
0 0.8717 0.8246 0.2017 0.0409
0 0.1443 0.9449 0.2330 0.0288
0 0.1274 0.8973 0.1799 0.0307
0 0.1357 0.8558 0.1936 0.0310
0 0.2709 0.9031 0.1250 0.0256
0 0.2834 0.8557 0.0946 0.0253
0 0.3314 0.9028 0.0129 0.0084
0 0.3249 0.8610 0.0164 0.0108
0 0.2540 0.9584 0.0580 0.0306
0 0.3903 0.8984 0.0917 0.0358
0 0.3220 0.9455 0.0746 0.0244
0 0.4162 0.8579 0.1797 0.0437
0 0.4897 0.9517 0.2349 0.0450
0 0.5453 0.9009 0.2211 0.0323
0 0.5740 0.8563 0.1230 0.0265
0 0.7089 0.8668 0.1539 0.0447
0 0.8272 0.8642 0.0654 0.0395
0 0.6904 0.9035 0.0585 0.0237
0 0.7602 0.9085 0.0732 0.0337
0 0.6963 0.9511 0.1704 0.0299
0 0.8605 0.9633 0.1571 0.0406
0 0.9466 0.9602 0.0154 0.0120
