0 0.1839 0.1760 0.0844 0.0326
0 0.2718 0.1789 0.0603 0.0329
0 0.1541 0.2079 0.1221 0.0298
0 0.2765 0.2088 0.0420 0.0148
0 0.3066 0.1795 0.0076 0.0062
0 0.3717 0.2070 0.1183 0.0306
0 0.4747 0.2049 0.0384 0.0182
0 0.4521 0.2344 0.0624 0.0188
0 0.5351 0.2352 0.0396 0.0148
0 0.5503 0.2043 0.0784 0.0197
0 0.6356 0.2047 0.0684 0.0232
0 0.7136 0.2028 0.0412 0.0167
0 0.7618 0.2045 0.0402 0.0257
0 0.8349 0.2031 0.0949 0.0257
0 0.8883 0.2078 0.0126 0.0100
0 0.6689 0.2117 0.0073 0.0067
0 0.8618 0.2348 0.0791 0.0251
0 0.7508 0.2347 0.1238 0.0249
0 0.6169 0.2324 0.0894 0.0175
0 0.1616 0.2404 0.1454 0.0280
0 0.2370 0.2437 0.0101 0.0097
0 0.2879 0.2370 0.0424 0.0158
0 0.3688 0.2359 0.0737 0.0163
0 0.1314 0.2754 0.0933 0.0230
0 0.2173 0.2755 0.0430 0.0288
0 0.1749 0.3039 0.0082 0.0050
0 0.2457 0.2766 0.0136 0.0116
0 0.3225 0.2728 0.0755 0.0261
0 0.4060 0.2680 0.0342 0.0137
0 0.4696 0.2695 0.0615 0.0197
0 0.5015 0.2731 0.0059 0.0073
0 0.5535 0.2668 0.0375 0.0141
0 0.6315 0.2707 0.0740 0.0248
0 0.6751 0.2709 0.0086 0.0084
0 0.7134 0.2674 0.0352 0.0126
0 0.8154 0.2722 0.1197 0.0250
0 0.8820 0.2628 0.0140 0.0062
0 0.1281 0.3064 0.0783 0.0266
0 0.1630 0.3404 0.1148 0.0281
0 0.3123 0.3407 0.1329 0.0286
0 0.2234 0.3398 0.0106 0.0102
0 0.4756 0.3384 0.1596 0.0296
0 0.5859 0.3385 0.0524 0.0269
0 0.6892 0.3334 0.1005 0.0306
0 0.8071 0.3288 0.1114 0.0186
0 0.8685 0.3326 0.0064 0.0068
0 0.7229 0.3607 0.1957 0.0213
0 0.8239 0.3609 0.0062 0.0051
0 0.5738 0.3709 0.0587 0.0252
0 0.6053 0.3706 0.0105 0.0106
0 0.4793 0.3690 0.0892 0.0242
0 0.3136 0.3702 0.1661 0.0292
0 0.2611 0.4013 0.1471 0.0303
0 0.3819 0.3960 0.0360 0.0143
0 0.4562 0.4015 0.0763 0.0225
0 0.1297 0.3705 0.1372 0.0299
0 0.2115 0.4332 0.0925 0.0248
0 0.0989 0.4674 0.0562 0.0237
0 0.1566 0.5015 0.1132 0.0252
0 0.1769 0.4574 0.0649 0.0176
0 0.2522 0.4983 0.0321 0.0243
0 0.2689 0.4608 0.0739 0.0243
0 0.3457 0.4937 0.1108 0.0290
0 0.3286 0.4322 0.0823 0.0254
0 0.5430 0.4027 0.0610 0.0303
0 0.5119 0.4269 0.0682 0.0176
0 0.4251 0.4306 0.0697 0.0223
0 0.5295 0.4536 0.0784 0.0183
0 0.6119 0.4302 0.0961 0.0214
0 0.3990 0.4523 0.1396 0.0268
0 0.4748 0.4606 0.0079 0.0102
0 0.6389 0.3954 0.0778 0.0269
0 0.6332 0.4530 0.0637 0.0143
0 0.7616 0.3950 0.1231 0.0260
0 0.8785 0.4246 0.0932 0.0241
0 0.8402 0.4871 0.0081 0.0076
0 0.9043 0.4592 0.0086 0.0073
0 0.8207 0.4302 0.0081 0.0076
0 0.7346 0.4589 0.0943 0.0318
0 0.8447 0.4541 0.1171 0.0249
0 0.7458 0.4255 0.1417 0.0315
0 0.4638 0.4928 0.0749 0.0244
0 0.4745 0.5254 0.2102 0.0313
0 0.6370 0.4912 0.2435 0.0269
0 0.8024 0.4891 0.0659 0.0254
0 0.7933 0.5210 0.0811 0.0225
0 0.6248 0.5244 0.0634 0.0238
0 0.6964 0.5203 0.0595 0.0240
0 0.6935 0.5445 0.0648 0.0113
0 0.7637 0.5503 0.0384 0.0256
0 0.8237 0.5492 0.0502 0.0234
0 0.8805 0.5475 0.0359 0.0284
0 0.8420 0.5797 0.0923 0.0204
0 0.7472 0.5790 0.0443 0.0163
0 0.7033 0.5865 0.0149 0.0119
0 0.8935 0.5859 0.0093 0.0136
0 0.8643 0.6089 0.1007 0.0290
0 0.7741 0.6142 0.0342 0.0256
0 0.6901 0.6116 0.0940 0.0204
0 0.5614 0.1292 0.1033 0.0222
0 0.6822 0.1344 0.1060 0.0243
0 0.7413 0.1337 0.0076 0.0064
0 0.7863 0.1073 0.1170 0.0229
0 0.6541 0.1104 0.1277 0.0236
0 0.5283 0.1093 0.1066 0.0297
0 0.5279 0.0851 0.0975 0.0202
0 0.1004 0.4358 0.0759 0.0271
0 0.0995 0.5296 0.1241 0.0343
0 0.2591 0.5325 0.1627 0.0288
0 0.2536 0.5598 0.1433 0.0280
0 0.0620 0.5625 0.0545 0.0167
0 0.1288 0.5649 0.0603 0.0214
0 0.3922 0.5545 0.0927 0.0200
0 0.4803 0.5487 0.0523 0.0224
0 0.5860 0.5487 0.0943 0.0224
0 0.5112 0.5507 0.0086 0.0042
0 0.5029 0.5792 0.0641 0.0167
0 0.6291 0.5792 0.1248 0.0167
0 0.3726 0.5837 0.1286 0.0229
0 0.2687 0.5845 0.0401 0.0218
0 0.0776 0.5897 0.0718 0.0211
0 0.1787 0.5889 0.0490 0.0168
0 0.1626 0.6189 0.2113 0.0211
0 0.2069 0.5923 0.0055 0.0039
0 0.3251 0.6139 0.0697 0.0140
0 0.4158 0.6107 0.0400 0.0214
0 0.4904 0.6118 0.0753 0.0208
0 0.5921 0.6094 0.0676 0.0133
0 0.5710 0.6419 0.0309 0.0227
0 0.6760 0.6415 0.0908 0.0218
0 0.7549 0.6406 0.0293 0.0145
0 0.7754 0.6423 0.0065 0.0040
0 0.4952 0.6409 0.0488 0.0152
0 0.4153 0.6419 0.0667 0.0143
0 0.3151 0.6466 0.0885 0.0211
0 0.2154 0.6473 0.0390 0.0280
0 0.1432 0.6846 0.0809 0.0304
0 0.1082 0.6461 0.0941 0.0200
0 0.1638 0.6461 0.0081 0.0061
0 0.2643 0.6811 0.0758 0.0233
0 0.3571 0.6833 0.0336 0.0222
0 0.4342 0.6829 0.0879 0.0214
0 0.5212 0.6786 0.0453 0.0127
0 0.5918 0.6780 0.0337 0.0254
0 0.7208 0.6768 0.1749 0.0230
0 0.8518 0.6755 0.0591 0.0231
0 0.8992 0.6767 0.0261 0.0063
0 0.6230 0.7080 0.0432 0.0244
0 0.6795 0.7398 0.1452 0.0213
0 0.5661 0.7454 0.0406 0.0298
0 0.8083 0.7408 0.0749 0.0178
0 0.8922 0.7362 0.0734 0.0197
0 0.8608 0.7092 0.0328 0.0267
0 0.7414 0.7044 0.1551 0.0143
0 0.8268 0.7124 0.0091 0.0110
0 0.5426 0.7075 0.0519 0.0233
0 0.5699 0.7042 0.0037 0.0029
0 0.4575 0.7093 0.0929 0.0214
0 0.4575 0.7412 0.1122 0.0297
0 0.3506 0.7102 0.0539 0.0204
0 0.3837 0.7118 0.0091 0.0097
0 0.2597 0.7099 0.0832 0.0142
0 0.1833 0.7179 0.0138 0.0109
0 0.1490 0.7150 0.0562 0.0216
0 0.0709 0.7198 0.0723 0.0258
0 0.1148 0.7472 0.1435 0.0249
0 0.2430 0.7429 0.0471 0.0164
0 0.3396 0.7458 0.0987 0.0222
0 0.0637 0.7794 0.0496 0.0171
0 0.1506 0.7804 0.0679 0.0247
0 0.1895 0.7776 0.0069 0.0053
0 0.2640 0.7732 0.0863 0.0297
0 0.3651 0.7755 0.0746 0.0260
0 0.4514 0.7725 0.0305 0.0145
0 0.5054 0.7791 0.0331 0.0276
0 0.6063 0.7700 0.1014 0.0234
0 0.6578 0.7753 0.0101 0.0088
0 0.6950 0.7752 0.0317 0.0227
0 0.7934 0.7754 0.1090 0.0258
0 0.8501 0.7788 0.0086 0.0104
0 0.8815 0.7744 0.0297 0.0210
0 0.8798 0.8030 0.0623 0.0282
0 0.7707 0.8039 0.0998 0.0244
0 0.6794 0.8028 0.0615 0.0279
0 0.6149 0.8048 0.0077 0.0069
0 0.5737 0.8058 0.0753 0.0255
0 0.5032 0.8082 0.0314 0.0248
0 0.4603 0.8062 0.0094 0.0124
0 0.4165 0.8070 0.0747 0.0223
0 0.3175 0.8084 0.0350 0.0251
0 0.2341 0.8046 0.0682 0.0147
0 0.0996 0.8073 0.1354 0.0201
0 0.1296 0.8344 0.1814 0.0327
0 0.0740 0.8656 0.0813 0.0256
0 0.2332 0.8662 0.1831 0.0268
0 0.3111 0.8383 0.1167 0.0348
0 0.3332 0.8694 0.0135 0.0110
0 0.4324 0.8364 0.0814 0.0228
0 0.3930 0.8633 0.0389 0.0155
0 0.4676 0.8642 0.0657 0.0228
0 0.5210 0.8315 0.0447 0.0186
0 0.5530 0.8602 0.0476 0.0148
0 0.6286 0.8375 0.1183 0.0278
0 0.7618 0.8354 0.1042 0.0263
0 0.8845 0.8314 0.0801 0.0238
0 0.8170 0.8314 0.0061 0.0045
0 0.8805 0.8623 0.1166 0.0218
0 0.7532 0.8600 0.0870 0.0256
0 0.6395 0.8597 0.0845 0.0138
0 0.1446 0.8959 0.2364 0.0307
0 0.1601 0.9231 0.0923 0.0295
0 0.2518 0.9256 0.0619 0.0263
0 0.3707 0.8950 0.1636 0.0289
0 0.5011 0.8880 0.0384 0.0177
0 0.5899 0.8880 0.0742 0.0344
0 0.6986 0.8915 0.0778 0.0246
0 0.8475 0.8933 0.1755 0.0282
0 0.7281 0.9252 0.0451 0.0366
0 0.7991 0.9284 0.0594 0.0262
0 0.8974 0.9233 0.1060 0.0243
0 0.6167 0.9276 0.0834 0.0274
0 0.4985 0.9255 0.1108 0.0316
0 0.3608 0.9277 0.1105 0.0276
0 0.0309 0.9606 0.0368 0.0296
0 0.0938 0.9598 0.0597 0.0251
0 0.1917 0.9566 0.0973 0.0299
0 0.6663 0.9262 0.0133 0.0079
0 0.9390 0.8893 0.0085 0.0064
0 0.9477 0.9288 0.0122 0.0105
0 0.2426 0.9566 0.0046 0.0049
