0 0.4038 0.1187 0.1577 0.0541
0 0.5595 0.1247 0.0968 0.0521
0 0.3258 0.1638 0.1960 0.0554
0 0.4980 0.1692 0.0626 0.0356
0 0.6512 0.1636 0.1719 0.0495
0 0.7857 0.1648 0.0492 0.0297
0 0.8799 0.1676 0.1126 0.0436
0 0.1153 0.2082 0.1001 0.0442
0 0.2374 0.2075 0.0609 0.0317
0 0.3875 0.2104 0.1860 0.0403
0 0.5997 0.2102 0.1827 0.0482
0 0.7371 0.2051 0.0576 0.0323
0 0.8321 0.2054 0.1141 0.0302
0 0.7484 0.1790 0.0190 0.0191
0 0.7004 0.2202 0.0147 0.0181
0 0.5007 0.2224 0.0125 0.0171
0 0.4428 0.1686 0.0246 0.0123
0 0.6171 0.1315 0.0147 0.0075
0 0.1859 0.2200 0.0134 0.0150
0 0.8604 0.2520 0.1458 0.0457
0 0.6999 0.2529 0.1220 0.0392
0 0.5176 0.2523 0.1936 0.0519
0 0.3139 0.2464 0.1389 0.0345
0 0.1919 0.2501 0.0505 0.0307
0 0.0989 0.2492 0.0867 0.0290
0 0.1191 0.3018 0.0160 0.0174
0 0.3894 0.2572 0.0177 0.0116
0 0.2014 0.2958 0.1138 0.0389
0 0.2813 0.2896 0.0181 0.0126
0 0.3280 0.2866 0.0505 0.0259
0 0.4255 0.2927 0.0927 0.0409
0 0.4912 0.3024 0.0185 0.0188
0 0.5379 0.2915 0.0453 0.0331
0 0.6167 0.2965 0.0806 0.0430
0 0.7063 0.2857 0.0543 0.0297
0 0.6696 0.3010 0.0142 0.0188
0 0.8329 0.2982 0.1742 0.0437
0 0.9233 0.2866 0.0159 0.0064
0 0.0675 0.2950 0.0517 0.0345
0 0.0964 0.3383 0.1095 0.0432
0 0.1615 0.3391 0.0120 0.0087
0 0.3132 0.3647 0.1682 0.0488
0 0.5276 0.3772 0.1997 0.0489
0 0.7541 0.3758 0.2165 0.0432
0 0.8980 0.3785 0.0432 0.0432
0 0.7604 0.4142 0.1931 0.0479
0 0.5377 0.4111 0.2087 0.0527
0 0.4155 0.3812 0.0198 0.0152
0 0.3056 0.4108 0.1583 0.0327
0 0.4012 0.4187 0.0246 0.0152
0 0.1219 0.4101 0.1409 0.0508
0 0.3848 0.4594 0.2502 0.0411
0 0.1324 0.4543 0.1786 0.0558
0 0.2318 0.4651 0.0220 0.0164
0 0.6902 0.4539 0.2915 0.0579
0 0.8754 0.4544 0.0397 0.0227
0 0.8289 0.4969 0.1384 0.0327
0 0.6974 0.4980 0.0726 0.0377
0 0.3537 0.4937 0.1434 0.0541
0 0.1994 0.5002 0.0738 0.0420
0 0.0839 0.4988 0.0928 0.0420
0 0.2472 0.4988 0.0110 0.0087
0 0.4908 0.5391 0.1177 0.0394
0 0.6815 0.5332 0.2046 0.0581
0 0.8075 0.5440 0.0177 0.0103
0 0.8481 0.5270 0.0435 0.0400
0 0.5408 0.4957 0.1789 0.0497
0 0.3614 0.5326 0.0894 0.0264
0 0.2432 0.5412 0.0920 0.0407
0 0.1032 0.5401 0.1202 0.0357
0 0.0903 0.5786 0.1139 0.0377
0 0.2114 0.5832 0.0812 0.0413
0 0.3148 0.5753 0.0852 0.0257
0 0.4313 0.5852 0.0932 0.0454
0 0.6026 0.5817 0.2025 0.0441
0 0.7198 0.5897 0.0201 0.0184
0 0.7884 0.5784 0.1185 0.0290
0 0.8963 0.5781 0.0759 0.0257
0 0.1069 0.6171 0.1388 0.0481
0 0.2891 0.6170 0.1725 0.0534
0 0.3734 0.6251 0.0135 0.0113
0 0.3302 0.6605 0.1743 0.0571
0 0.4701 0.6647 0.0429 0.0404
0 0.5901 0.6608 0.1580 0.0550
0 0.8000 0.7074 0.1666 0.0370
0 0.5823 0.7085 0.2203 0.0448
0 0.3713 0.7002 0.1537 0.0560
0 0.2074 0.7024 0.0842 0.0380
0 0.0948 0.7380 0.1118 0.0316
0 0.2301 0.7462 0.0936 0.0425
0 0.3264 0.7383 0.0696 0.0377
0 0.4497 0.7453 0.1022 0.0350
0 0.5999 0.7508 0.1443 0.0404
0 0.7287 0.7518 0.0657 0.0452
0 0.8399 0.7953 0.0464 0.0435
0 0.7344 0.7905 0.0661 0.0394
0 0.6599 0.7921 0.0477 0.0425
0 0.5767 0.7830 0.0811 0.0272
0 0.4521 0.7701 0.1237 0.0513
0 0.3117 0.7771 0.0790 0.0403
0 0.3768 0.7530 0.0120 0.0143
0 0.3580 0.7740 0.0188 0.0397
0 0.1787 0.7813 0.1380 0.0264
0 0.7936 0.8012 0.0151 0.0136
0 0.7332 0.8258 0.1747 0.0293
0 0.5758 0.8232 0.0849 0.0298
0 0.4213 0.8190 0.1870 0.0463
0 0.3649 0.8666 0.1354 0.0332
0 0.3298 0.9100 0.1457 0.0506
0 0.5017 0.9107 0.1478 0.0353
0 0.4776 0.8752 0.0580 0.0476
0 0.5618 0.8638 0.0847 0.0304
0 0.6495 0.8602 0.0462 0.0370
0 0.6321 0.9113 0.0586 0.0587
0 0.5836 0.9167 0.0145 0.0140
0 0.7502 0.8743 0.1032 0.0459
0 0.7351 0.9151 0.1258 0.0468
0 0.3448 0.9543 0.0451 0.0336
0 0.2415 0.9597 0.1247 0.0472
0 0.1975 0.9131 0.0505 0.0429
0 0.2308 0.8664 0.0865 0.0272
0 0.6108 0.8725 0.0188 0.0089
0 0.8384 0.8376 0.0129 0.0140
0 0.8616 0.8694 0.0844 0.0276
0 0.8634 0.9124 0.0795 0.0276
0 0.8744 0.8287 0.0404 0.0323
0 0.0730 0.8231 0.0933 0.0294
0 0.0972 0.8659 0.1277 0.0345
0 0.0854 0.9135 0.1208 0.0465
0 0.1847 0.8212 0.0749 0.0342
0 0.2841 0.8150 0.0542 0.0411
0 0.2331 0.8317 0.0189 0.0134
0 0.3747 0.9631 0.0106 0.0095
0 0.1301 0.9579 0.0492 0.0407
0 0.0549 0.9482 0.0597 0.0298
0 0.6321 0.0823 0.1225 0.0285
0 0.5498 0.0809 0.0330 0.0285
0 0.5200 0.0597 0.0150 0.0167
0 0.6202 0.0387 0.1766 0.0580
0 0.4113 0.0402 0.1781 0.0638
0 0.2133 0.0309 0.1988 0.0534
0 0.8148 0.0906 0.2019 0.0507
0 0.7461 0.0406 0.0311 0.0313
0 0.8539 0.0347 0.1716 0.0443
