0 0.3490 0.0509 0.0979 0.0573
0 0.4469 0.0550 0.0827 0.0573
0 0.1209 0.1211 0.1334 0.0506
0 0.2192 0.1195 0.0439 0.0223
0 0.3999 0.1189 0.0498 0.0268
0 0.5103 0.1190 0.1596 0.0298
0 0.6228 0.1096 0.0456 0.0275
0 0.7219 0.1181 0.1410 0.0417
0 0.8211 0.1122 0.0422 0.0216
0 0.9100 0.1207 0.1283 0.0387
0 0.0446 0.1513 0.0448 0.0275
0 0.1278 0.1507 0.0946 0.0208
0 0.2257 0.1500 0.0819 0.0223
0 0.3107 0.1219 0.1326 0.0439
0 0.2974 0.1528 0.0448 0.0223
0 0.3827 0.1457 0.1182 0.0275
0 0.5231 0.1440 0.1545 0.0379
0 0.6545 0.1495 0.1089 0.0379
0 0.8103 0.1495 0.1900 0.0379
0 0.0848 0.1949 0.1224 0.0454
0 0.1695 0.1839 0.0557 0.0260
0 0.2601 0.1892 0.0979 0.0312
0 0.3417 0.1845 0.0473 0.0246
0 0.4179 0.1887 0.0996 0.0357
0 0.5030 0.1852 0.0532 0.0260
0 0.6712 0.1954 0.2618 0.0491
0 0.1169 0.2305 0.1478 0.0499
0 0.2684 0.2381 0.1562 0.0484
0 0.4408 0.2376 0.1900 0.0446
0 0.5551 0.2449 0.0380 0.0342
0 0.6530 0.2354 0.1478 0.0513
0 0.8055 0.2304 0.1554 0.0275
0 0.1062 0.2643 0.1790 0.0536
0 0.3300 0.2743 0.2322 0.0402
0 0.5258 0.2678 0.1376 0.0327
0 0.6849 0.2740 0.1697 0.0312
0 0.8421 0.2741 0.1343 0.0454
0 0.1287 0.3034 0.2212 0.0513
0 0.3284 0.3027 0.0929 0.0275
0 0.4187 0.3098 0.0819 0.0446
0 0.5089 0.2997 0.1039 0.0439
0 0.6452 0.2992 0.1571 0.0372
0 0.7667 0.3094 0.0861 0.0327
0 0.8851 0.3106 0.1647 0.0379
0 0.0813 0.3356 0.1292 0.0379
0 0.2127 0.3430 0.1115 0.0305
0 0.3234 0.3383 0.0996 0.0238
0 0.4391 0.3429 0.1199 0.0357
0 0.6227 0.3380 0.2398 0.0454
0 0.8029 0.3349 0.1309 0.0365
0 0.9091 0.3381 0.0988 0.0402
0 0.0672 0.3599 0.0844 0.0253
0 0.1647 0.3715 0.0988 0.0402
0 0.3237 0.3695 0.2195 0.0446
0 0.5008 0.3644 0.1267 0.0260
0 0.6101 0.3609 0.0979 0.0246
0 0.7254 0.3660 0.1452 0.0432
0 0.8998 0.3579 0.1773 0.0491
0 0.1194 0.3998 0.1444 0.0469
0 0.2203 0.4122 0.0405 0.0439
0 0.3195 0.4085 0.1528 0.0476
0 0.4463 0.4116 0.1148 0.0454
0 0.5764 0.4207 0.1723 0.0469
0 0.7114 0.4225 0.1089 0.0394
0 0.8187 0.4254 0.1013 0.0424
0 0.9325 0.4296 0.1123 0.0647
0 0.1159 0.4439 0.2069 0.0461
0 0.3162 0.4496 0.1824 0.0298
0 0.4720 0.4437 0.1300 0.0290
0 0.5821 0.4512 0.0920 0.0469
0 0.6735 0.4429 0.0887 0.0275
0 0.7818 0.4489 0.1275 0.0283
0 0.9095 0.4591 0.1385 0.0432
0 0.0512 0.4793 0.0718 0.0446
0 0.1896 0.4871 0.1875 0.0409
0 0.3637 0.4812 0.1469 0.0290
0 0.4791 0.4735 0.0692 0.0387
0 0.5767 0.4803 0.1283 0.0551
0 0.6974 0.4792 0.0920 0.0223
0 0.7793 0.4868 0.0557 0.0402
0 0.8454 0.4871 0.0768 0.0409
0 0.9101 0.4944 0.0507 0.0417
0 0.0531 0.5096 0.0895 0.0275
0 0.1341 0.5144 0.0709 0.0260
0 0.2074 0.5106 0.0481 0.0379
0 0.3164 0.5141 0.1773 0.0365
0 0.4551 0.5150 0.0963 0.0216
0 0.6016 0.5101 0.1866 0.0231
0 0.7337 0.5105 0.0507 0.0238
0 0.8284 0.5116 0.1317 0.0260
0 0.9412 0.5143 0.0963 0.0231
0 0.0654 0.5373 0.1309 0.0246
0 0.1585 0.5491 0.0532 0.0342
0 0.2321 0.5401 0.0726 0.0246
0 0.3067 0.5400 0.0439 0.0216
0 0.3765 0.5451 0.1030 0.0402
0 0.4814 0.5381 0.1072 0.0290
0 0.5987 0.5412 0.1224 0.0379
0 0.6816 0.5434 0.0464 0.0424
0 0.7672 0.5428 0.1427 0.0439
0 0.9066 0.5437 0.1410 0.0290
0 0.0384 0.5728 0.0574 0.0484
0 0.1290 0.5763 0.1275 0.0387
0 0.2406 0.5693 0.0895 0.0275
0 0.4080 0.5782 0.0549 0.0454
0 0.4960 0.5799 0.1309 0.0432
0 0.5930 0.5714 0.0583 0.0260
0 0.0877 0.6095 0.1115 0.0551
0 0.1974 0.6067 0.0920 0.0439
0 0.2760 0.6193 0.0464 0.0387
0 0.3467 0.6166 0.0963 0.0387
0 0.4241 0.6117 0.0566 0.0290
0 0.4811 0.6186 0.0456 0.0372
0 0.6217 0.6112 0.2322 0.0335
0 0.7637 0.6157 0.0718 0.0424
0 0.8771 0.6116 0.1571 0.0454
0 0.0475 0.6514 0.0895 0.0305
0 0.1234 0.6574 0.0718 0.0454
0 0.2377 0.6484 0.1309 0.0246
0 0.3379 0.6520 0.0785 0.0402
0 0.4602 0.6481 0.1427 0.0379
0 0.5760 0.6439 0.0853 0.0461
0 0.6450 0.6439 0.0456 0.0461
0 0.7663 0.6352 0.1993 0.0260
0 0.9150 0.6442 0.0633 0.0439
0 0.0862 0.6835 0.1697 0.0365
0 0.2106 0.6776 0.0684 0.0246
0 0.3195 0.6803 0.1419 0.0327
0 0.4620 0.6799 0.1351 0.0432
0 0.5688 0.6778 0.0431 0.0417
0 0.6768 0.6703 0.1731 0.0268
0 0.8216 0.6695 0.1098 0.0223
0 0.9293 0.6714 0.1030 0.0260
0 0.0257 0.7187 0.0431 0.0290
0 0.2200 0.7079 0.1039 0.0491
0 0.3289 0.7075 0.1106 0.0484
0 0.4160 0.7067 0.0515 0.0246
0 0.4729 0.7143 0.0540 0.0424
0 0.5610 0.7090 0.1275 0.0402
0 0.6584 0.7128 0.0557 0.0394
0 0.7678 0.7127 0.1689 0.0365
0 0.8883 0.7164 0.0600 0.0439
0 0.0816 0.7462 0.1633 0.0231
0 0.2188 0.7450 0.0903 0.0260
0 0.2945 0.7531 0.0473 0.0394
0 0.3802 0.7461 0.1131 0.0394
0 0.4707 0.7458 0.0498 0.0417
0 0.5523 0.7447 0.1157 0.0394
0 0.6722 0.7346 0.1055 0.0387
0 0.8136 0.7429 0.1689 0.0357
0 0.1044 0.7151 0.1005 0.0357
0 0.3336 0.5690 0.0895 0.0491
0 0.0432 0.7811 0.0864 0.0372
0 0.2188 0.7814 0.2626 0.0350
0 0.4247 0.7755 0.1495 0.0454
0 0.5621 0.7735 0.1326 0.0387
0 0.6615 0.7629 0.0591 0.0342
0 0.7897 0.7755 0.1934 0.0372
0 0.9359 0.7711 0.1106 0.0283
0 0.0321 0.8221 0.0642 0.0387
0 0.1278 0.8076 0.1140 0.0402
0 0.2461 0.8085 0.1089 0.0365
0 0.4311 0.8047 0.2482 0.0372
0 0.5895 0.7974 0.0540 0.0253
0 0.6781 0.7990 0.0895 0.0312
0 0.7581 0.8007 0.0633 0.0208
0 0.8753 0.8022 0.1562 0.0238
0 0.9470 0.8125 0.0329 0.0223
0 0.0649 0.8447 0.1131 0.0394
0 0.2240 0.8437 0.2035 0.0402
0 0.4485 0.8407 0.2609 0.0454
0 0.6439 0.8365 0.1267 0.0424
0 0.8396 0.8396 0.2626 0.0513
0 0.0236 0.8759 0.0473 0.0268
0 0.1021 0.8819 0.1013 0.0417
0 0.2129 0.8779 0.1174 0.0335
0 0.4087 0.8745 0.2702 0.0461
0 0.0852 0.9292 0.1148 0.0640
0 0.1907 0.9282 0.0870 0.0454
0 0.3083 0.9419 0.1638 0.0476
0 0.4701 0.9354 0.1596 0.0625
0 0.5967 0.9383 0.1267 0.0543
0 0.7117 0.9318 0.0540 0.0387
0 0.7634 0.9273 0.0684 0.0379
0 0.8855 0.9135 0.1849 0.0521
0 0.0403 0.9739 0.0805 0.0394
0 0.1576 0.9731 0.1402 0.0379
