0 0.1248 0.1877 0.1330 0.0310
0 0.1625 0.2561 0.1083 0.0484
0 0.2715 0.2567 0.0736 0.0384
0 0.3707 0.2496 0.0719 0.0242
0 0.5221 0.2479 0.1776 0.0291
0 0.7134 0.2541 0.1519 0.0415
0 0.0609 0.2933 0.0413 0.0310
0 0.1959 0.2925 0.1752 0.0378
0 0.3992 0.2794 0.1289 0.0366
0 0.5087 0.2831 0.0536 0.0217
0 0.6050 0.2881 0.0711 0.0428
0 0.7309 0.2752 0.1230 0.0310
0 0.1361 0.3247 0.1389 0.0521
0 0.2896 0.3266 0.1347 0.0477
0 0.4702 0.3248 0.1794 0.0440
0 0.6436 0.3225 0.1372 0.0422
0 0.7468 0.3141 0.0436 0.0198
0 0.8076 0.3104 0.0653 0.0180
0 0.0855 0.3539 0.0488 0.0273
0 0.1934 0.3603 0.1091 0.0316
0 0.2808 0.3550 0.0504 0.0267
0 0.3753 0.3536 0.1033 0.0211
0 0.2079 0.3918 0.1769 0.0558
0 0.4150 0.3933 0.2050 0.0477
0 0.5748 0.3882 0.0579 0.0291
0 0.6811 0.3927 0.1455 0.0409
0 0.8250 0.3888 0.1389 0.0360
0 0.1142 0.4246 0.1339 0.0298
0 0.3004 0.4367 0.2008 0.0484
0 0.4683 0.4299 0.1033 0.0459
0 0.5803 0.4225 0.0884 0.0366
0 0.7473 0.4254 0.1917 0.0508
0 0.0780 0.4618 0.0587 0.0236
0 0.1999 0.4688 0.1025 0.0347
0 0.3136 0.4638 0.0967 0.0415
0 0.4405 0.4666 0.0810 0.0415
0 0.6063 0.4649 0.1959 0.0465
0 0.7999 0.4618 0.1775 0.0459
0 0.1529 0.5009 0.1835 0.0378
0 0.3125 0.4937 0.0612 0.0180
0 0.3989 0.4998 0.0868 0.0384
0 0.4946 0.4914 0.0669 0.0329
0 0.6141 0.4860 0.1422 0.0415
0 0.7395 0.4939 0.1207 0.0490
0 0.8363 0.4938 0.0893 0.0403
0 0.0852 0.5295 0.0620 0.0285
0 0.2059 0.5306 0.1256 0.0279
0 0.3219 0.5301 0.0521 0.0186
0 0.4363 0.5321 0.1670 0.0502
0 0.6182 0.5302 0.1752 0.0353
0 0.7712 0.5271 0.1091 0.0459
0 0.1748 0.5735 0.2108 0.0415
0 0.3433 0.5612 0.0504 0.0223
0 0.4432 0.5705 0.1281 0.0521
0 0.5817 0.5626 0.1355 0.0446
0 0.2509 0.6074 0.2075 0.0564
0 0.4212 0.6047 0.0479 0.0372
0 0.5156 0.6026 0.1339 0.0496
0 0.6609 0.5972 0.1496 0.0415
0 0.7836 0.6044 0.0727 0.0422
0 0.1054 0.6439 0.1331 0.0490
0 0.2490 0.6472 0.1174 0.0471
0 0.4029 0.6447 0.1364 0.0422
0 0.5471 0.6405 0.1331 0.0477
0 0.6982 0.6354 0.1686 0.0403
0 0.1344 0.6817 0.1215 0.0440
0 0.3480 0.6844 0.2099 0.0409
0 0.5330 0.6780 0.1354 0.0422
0 0.6747 0.6644 0.1050 0.0260
0 0.7743 0.6630 0.0653 0.0372
0 0.1198 0.7243 0.1091 0.0515
0 0.2387 0.7116 0.0719 0.0205
0 0.3406 0.7135 0.0562 0.0409
0 0.4281 0.7135 0.0950 0.0409
0 0.5373 0.7112 0.0552 0.0391
0 0.6802 0.7050 0.2048 0.0322
0 0.8030 0.7132 0.0587 0.0347
0 0.1641 0.7413 0.1422 0.0353
0 0.2982 0.7448 0.0603 0.0229
0 0.4363 0.7409 0.1670 0.0236
0 0.5778 0.7417 0.0529 0.0335
0 0.6989 0.7419 0.1339 0.0254
0 0.8040 0.7386 0.0551 0.0273
0 0.1113 0.7989 0.0893 0.0477
0 0.2681 0.7892 0.1306 0.0589
0 0.4444 0.7871 0.1165 0.0409
0 0.5617 0.7851 0.0595 0.0229
0 0.6809 0.7932 0.1174 0.0446
0 0.7781 0.7845 0.0535 0.0384
0 0.1701 0.8240 0.1207 0.0453
0 0.3528 0.8206 0.1389 0.0273
0 0.4686 0.8336 0.0455 0.0477
0 0.5798 0.8263 0.1124 0.0471
0 0.6786 0.8178 0.0628 0.0273
0 0.7560 0.8310 0.0537 0.0397
0 0.1739 0.8696 0.1479 0.0502
0 0.3165 0.8586 0.1025 0.0310
0 0.2652 0.8947 0.0942 0.0533
0 0.3826 0.9041 0.1124 0.0415
0 0.4890 0.9052 0.0585 0.0465
0 0.6075 0.9054 0.1289 0.0552
0 0.7125 0.8903 0.0777 0.0279
0 0.1976 0.9435 0.1703 0.0564
0 0.4113 0.9405 0.1810 0.0366
0 0.6299 0.9439 0.2265 0.0378
0 0.7939 0.9366 0.0684 0.0260
