0 0.1205 0.1560 0.0909 0.0508
0 0.3349 0.1429 0.2364 0.0608
0 0.4506 0.1507 0.0289 0.0236
0 0.5511 0.1476 0.1355 0.0397
0 0.6782 0.1546 0.1231 0.0453
0 0.1557 0.2024 0.1587 0.0409
0 0.3110 0.2036 0.1082 0.0434
0 0.3586 0.2170 0.0339 0.0256
0 0.5104 0.2024 0.2430 0.0521
0 0.6948 0.2118 0.1174 0.0459
0 0.2617 0.2657 0.3901 0.0676
0 0.4791 0.2674 0.0388 0.0347
0 0.5465 0.2649 0.0736 0.0521
0 0.7063 0.2523 0.2182 0.0657
0 0.1061 0.3304 0.0984 0.0496
0 0.2852 0.3176 0.2232 0.0546
0 0.5371 0.3097 0.2298 0.0583
0 0.6582 0.3246 0.0248 0.0242
0 0.7183 0.3205 0.0810 0.0465
0 0.1758 0.3715 0.2405 0.0403
0 0.3287 0.3456 0.1157 0.0273
0 0.3909 0.3658 0.1289 0.0316
0 0.4775 0.3371 0.0744 0.0242
0 0.5627 0.3701 0.1504 0.0347
0 0.1427 0.4319 0.1603 0.0639
0 0.3277 0.4310 0.1471 0.0508
0 0.4843 0.4333 0.1603 0.0527
0 0.6247 0.4232 0.0827 0.0298
0 0.1013 0.4964 0.0636 0.0484
0 0.2775 0.4856 0.2050 0.0434
0 0.4124 0.4896 0.0331 0.0291
0 0.4819 0.4859 0.0860 0.0440
0 0.6467 0.4844 0.2322 0.0521
0 0.7711 0.4798 0.0422 0.0236
0 0.0902 0.5515 0.0860 0.0446
0 0.2750 0.5374 0.2694 0.0415
0 0.4534 0.5480 0.0289 0.0211
0 0.5442 0.5291 0.1579 0.0304
0 0.6712 0.5365 0.0785 0.0508
0 0.1670 0.6041 0.1785 0.0527
0 0.2882 0.6042 0.0347 0.0335
0 0.3541 0.6027 0.0860 0.0471
0 0.5061 0.5972 0.1760 0.0471
0 0.6699 0.5870 0.1314 0.0713
0 0.1877 0.6526 0.2504 0.0384
0 0.4202 0.6514 0.1794 0.0527
0 0.7022 0.6367 0.3461 0.0428
0 0.1010 0.7009 0.1298 0.0490
0 0.3624 0.7015 0.3166 0.0614
0 0.6181 0.7041 0.1835 0.0527
0 0.1598 0.7666 0.1752 0.0471
0 0.3170 0.7754 0.0256 0.0285
0 0.4187 0.7693 0.1736 0.0552
0 0.6336 0.7546 0.1810 0.0508
0 0.2704 0.8185 0.4157 0.0620
0 0.1094 0.8680 0.1050 0.0360
0 0.2625 0.8810 0.1917 0.0564
0 0.4611 0.8629 0.1000 0.0285
0 0.6059 0.8533 0.1479 0.0316
0 0.1752 0.9180 0.2116 0.0583
0 0.4423 0.9223 0.2818 0.0558
0 0.7189 0.9105 0.2546 0.0626
