0 0.1228 0.2067 0.1289 0.0300
0 0.2390 0.2057 0.0587 0.0170
0 0.3439 0.2048 0.1129 0.0180
0 0.4602 0.2037 0.0649 0.0185
0 0.5827 0.2066 0.1209 0.0160
0 0.6504 0.2142 0.0231 0.0145
0 0.7445 0.2126 0.1528 0.0280
0 0.8286 0.2148 0.0293 0.0130
0 0.9229 0.2134 0.1457 0.0295
0 0.1044 0.2236 0.0978 0.0195
0 0.1551 0.2349 0.0213 0.0115
0 0.2208 0.2319 0.1111 0.0305
0 0.4157 0.2317 0.2453 0.0245
0 0.6426 0.2318 0.1546 0.0220
0 0.8469 0.2354 0.2133 0.0320
0 0.1004 0.2526 0.0924 0.0330
0 0.1617 0.2572 0.0178 0.0145
0 0.2098 0.2513 0.0613 0.0165
0 0.3084 0.2587 0.1057 0.0285
0 0.4429 0.2571 0.1191 0.0280
0 0.6677 0.2524 0.2799 0.0325
0 0.8177 0.2612 0.0382 0.0140
0 0.2223 0.2784 0.1280 0.0345
0 0.3530 0.2802 0.0782 0.0270
0 0.4047 0.2839 0.0204 0.0150
0 0.4950 0.2821 0.1511 0.0225
0 0.6891 0.2878 0.1893 0.0395
0 0.8711 0.2877 0.1422 0.0310
0 0.9433 0.2888 0.0311 0.0165
0 0.0975 0.3093 0.0533 0.0325
0 0.1732 0.3135 0.0658 0.0270
0 0.3029 0.3052 0.1475 0.0270
0 0.3926 0.3127 0.0213 0.0115
0 0.4722 0.3058 0.1137 0.0200
0 0.6344 0.3078 0.1493 0.0295
0 0.2305 0.3385 0.1777 0.0270
0 0.3807 0.3361 0.0613 0.0195
0 0.5000 0.3274 0.1333 0.0270
0 0.6205 0.3309 0.0578 0.0145
0 0.7625 0.3314 0.1777 0.0240
0 0.9085 0.3279 0.0809 0.0170
0 0.1306 0.3623 0.1084 0.0190
0 0.2544 0.3601 0.0755 0.0230
0 0.3786 0.3640 0.1351 0.0280
0 0.5546 0.3608 0.1760 0.0300
0 0.6985 0.3506 0.0720 0.0235
0 0.8605 0.3554 0.2266 0.0275
0 0.1343 0.3892 0.1324 0.0200
0 0.2112 0.3960 0.0169 0.0170
0 0.2953 0.3948 0.1129 0.0285
0 0.4807 0.3893 0.2142 0.0230
0 0.7070 0.3845 0.1724 0.0385
0 0.8495 0.3822 0.1129 0.0255
0 0.9139 0.3834 0.0222 0.0140
0 0.2299 0.4191 0.3181 0.0355
0 0.4381 0.4134 0.0595 0.0240
0 0.5683 0.4150 0.1644 0.0355
0 0.6545 0.4051 0.0284 0.0325
