0 0.2969 0.1489 0.1826 0.0395
0 0.4380 0.0996 0.1288 0.0270
0 0.5691 0.1027 0.0827 0.0249
0 0.1866 0.1750 0.1288 0.0222
0 0.3339 0.1767 0.1038 0.0200
0 0.4160 0.1784 0.0154 0.0151
0 0.4719 0.1762 0.0606 0.0162
0 0.5507 0.1808 0.0654 0.0254
0 0.4132 0.1507 0.0404 0.0097
0 0.4575 0.1522 0.0538 0.0184
0 0.6191 0.1509 0.2076 0.0324
0 0.7373 0.1581 0.0163 0.0162
0 0.7888 0.1525 0.0471 0.0189
0 0.1653 0.1931 0.0500 0.0168
0 0.2541 0.1964 0.0971 0.0178
0 0.3840 0.1973 0.0875 0.0168
0 0.4885 0.1951 0.0519 0.0151
0 0.6087 0.1953 0.1452 0.0184
0 0.3118 0.2155 0.1875 0.0254
0 0.5161 0.2205 0.1432 0.0270
0 0.6917 0.1770 0.1805 0.0178
0 0.6886 0.2180 0.1466 0.0276
0 0.7995 0.2205 0.0628 0.0216
0 0.8385 0.2234 0.0409 0.0162
0 0.2306 0.2391 0.2084 0.0281
0 0.4283 0.2396 0.1177 0.0265
0 0.5571 0.2384 0.0698 0.0184
0 0.6781 0.2405 0.1257 0.0227
0 0.7712 0.2404 0.0229 0.0114
0 0.8159 0.2378 0.0678 0.0200
0 0.2782 0.2603 0.3092 0.0205
0 0.2935 0.2779 0.1536 0.0308
0 0.5118 0.2787 0.2124 0.0351
0 0.7663 0.2816 0.2603 0.0270
0 0.9360 0.2830 0.0748 0.0243
0 0.2047 0.2968 0.1706 0.0324
0 0.4134 0.3000 0.1686 0.0195
0 0.6593 0.2985 0.2992 0.0276
0 0.9138 0.3011 0.1526 0.0216
0 0.3071 0.3210 0.3531 0.0254
0 0.4957 0.3232 0.0219 0.0130
0 0.6368 0.3205 0.2513 0.0243
0 0.8873 0.3202 0.2134 0.0292
0 0.1550 0.3409 0.0489 0.0178
0 0.2682 0.3423 0.1197 0.0178
0 0.4172 0.3430 0.1177 0.0222
0 0.3471 0.3446 0.0219 0.0114
0 0.5952 0.3421 0.2154 0.0260
0 0.7803 0.3411 0.0967 0.0211
0 0.2028 0.3606 0.1556 0.0184
0 0.3773 0.3639 0.1546 0.0222
0 0.5332 0.3664 0.1247 0.0216
0 0.6629 0.3614 0.1007 0.0227
0 0.8164 0.3641 0.1606 0.0227
0 0.2488 0.3807 0.2503 0.0281
0 0.4718 0.3822 0.1576 0.0254
0 0.6397 0.3844 0.1127 0.0216
0 0.7558 0.3820 0.0977 0.0168
0 0.8816 0.3822 0.1187 0.0227
0 0.2198 0.4026 0.1785 0.0330
0 0.3400 0.4034 0.0828 0.0178
0 0.4808 0.4053 0.1616 0.0216
0 0.6958 0.4019 0.2055 0.0260
0 0.2898 0.4238 0.1686 0.0254
0 0.4376 0.4267 0.0419 0.0200
0 0.5557 0.4221 0.1586 0.0276
0 0.6468 0.4262 0.0269 0.0162
0 0.7743 0.4235 0.2124 0.0249
0 0.1846 0.4447 0.0997 0.0200
0 0.3227 0.4438 0.1177 0.0238
0 0.4347 0.4480 0.0499 0.0211
0 0.5335 0.4453 0.1197 0.0211
0 0.7316 0.4418 0.1965 0.0281
0 0.2553 0.4653 0.2384 0.0195
0 0.5140 0.4639 0.2364 0.0222
0 0.6969 0.4603 0.0828 0.0205
0 0.7545 0.4675 0.0229 0.0184
0 0.8460 0.4636 0.1586 0.0216
0 0.1651 0.4844 0.0608 0.0216
0 0.2858 0.4869 0.1606 0.0238
0 0.4037 0.4847 0.0908 0.0249
0 0.5097 0.4811 0.0778 0.0205
0 0.5595 0.4774 0.0329 0.0297
0 0.6519 0.4788 0.1317 0.0243
0 0.7869 0.4815 0.0987 0.0157
0 0.8919 0.4836 0.0588 0.0227
0 0.7907 0.1796 0.0259 0.0119
0 0.8313 0.1767 0.0349 0.0173
0 0.9215 0.1760 0.1207 0.0297
0 0.1827 0.5061 0.0987 0.0205
0 0.2354 0.5082 0.0180 0.0108
0 0.2737 0.5064 0.0529 0.0211
0 0.3746 0.5028 0.1047 0.0168
0 0.5046 0.5006 0.0898 0.0151
0 0.5848 0.4977 0.0529 0.0232
0 0.7331 0.4992 0.2134 0.0205
0 0.9205 0.5044 0.1077 0.0254
0 0.2360 0.5258 0.2025 0.0238
0 0.3580 0.5276 0.0299 0.0135
0 0.4049 0.5237 0.0598 0.0168
0 0.5244 0.5231 0.1376 0.0184
0 0.6714 0.5223 0.1067 0.0168
0 0.8429 0.5192 0.1885 0.0189
0 0.1790 0.5480 0.0469 0.0211
0 0.2701 0.5434 0.0818 0.0173
0 0.4949 0.5447 0.1287 0.0227
0 0.3785 0.5383 0.0708 0.0238
0 0.6317 0.5404 0.0967 0.0141
0 0.7912 0.5413 0.1686 0.0243
0 0.9221 0.5455 0.0608 0.0243
0 0.2158 0.5632 0.1566 0.0265
0 0.4115 0.5631 0.1536 0.0151
0 0.5605 0.5654 0.0598 0.0308
0 0.6860 0.5650 0.1636 0.0216
0 0.8430 0.5614 0.1027 0.0200
0 0.1771 0.5856 0.0708 0.0157
0 0.2687 0.5869 0.0429 0.0211
0 0.3774 0.5861 0.1326 0.0222
0 0.4974 0.5831 0.0559 0.0135
0 0.3784 0.5994 0.1346 0.0265
0 0.5322 0.6007 0.1227 0.0292
0 0.6382 0.6035 0.0459 0.0265
0 0.7402 0.6047 0.1277 0.0232
0 0.8513 0.6009 0.0499 0.0130
0 0.8808 0.6056 0.0199 0.0141
0 0.9364 0.6047 0.0728 0.0205
0 0.2577 0.6269 0.2543 0.0232
0 0.4410 0.6264 0.0708 0.0222
0 0.6019 0.6229 0.1955 0.0292
0 0.7905 0.6214 0.1087 0.0205
0 0.9178 0.6283 0.0967 0.0260
0 0.9726 0.6314 0.0229 0.0211
0 0.2148 0.6456 0.1546 0.0135
0 0.3431 0.6472 0.0778 0.0222
0 0.3865 0.6484 0.0229 0.0135
0 0.5040 0.6461 0.1775 0.0227
0 0.6610 0.6441 0.0888 0.0243
0 0.7680 0.6432 0.0638 0.0308
0 0.8989 0.6447 0.1755 0.0227
0 0.1963 0.6661 0.1177 0.0184
0 0.2798 0.6692 0.0180 0.0189
0 0.3163 0.6683 0.0549 0.0227
0 0.4683 0.6619 0.2144 0.0211
0 0.6460 0.6603 0.0698 0.0151
0 0.8120 0.6636 0.1935 0.0216
0 0.2273 0.6855 0.1795 0.0265
0 0.3209 0.6898 0.0279 0.0157
0 0.3802 0.6886 0.0549 0.0216
0 0.5479 0.6831 0.2124 0.0189
0 0.7216 0.6793 0.0987 0.0141
0 0.8608 0.6845 0.1326 0.0189
0 0.1714 0.7073 0.0539 0.0173
0 0.2710 0.7066 0.0948 0.0216
0 0.4425 0.7018 0.1406 0.0287
0 0.5963 0.7007 0.1037 0.0265
0 0.7104 0.7017 0.0708 0.0146
0 0.7942 0.7080 0.0578 0.0243
0 0.2143 0.7278 0.1396 0.0222
0 0.2975 0.7292 0.0199 0.0168
0 0.3418 0.7283 0.0559 0.0232
0 0.4827 0.7244 0.1905 0.0238
0 0.5896 0.7267 0.0209 0.0146
0 0.6397 0.7252 0.0489 0.0254
0 0.7878 0.7230 0.2284 0.0238
0 0.1856 0.7451 0.0878 0.0151
0 0.2848 0.7480 0.0419 0.0238
0 0.4079 0.7461 0.1297 0.0200
0 0.4855 0.7462 0.0209 0.0146
0 0.5355 0.7463 0.0598 0.0260
0 0.6427 0.7463 0.1326 0.0260
0 0.7953 0.7391 0.1017 0.0254
0 0.2165 0.7666 0.1496 0.0222
0 0.3784 0.7638 0.1067 0.0276
0 0.5727 0.7642 0.2454 0.0200
0 0.8380 0.7643 0.2344 0.0314
0 0.2168 0.7882 0.1446 0.0265
0 0.3375 0.7820 0.0529 0.0195
0 0.4936 0.7838 0.1955 0.0260
0 0.6970 0.7843 0.1606 0.0270
0 0.9010 0.7910 0.1326 0.0292
0 0.2075 0.8058 0.1317 0.0227
0 0.4509 0.8049 0.3212 0.0238
0 0.6707 0.8003 0.0469 0.0200
0 0.7741 0.8044 0.1177 0.0227
0 0.1730 0.8275 0.0489 0.0189
0 0.2843 0.8247 0.1297 0.0189
0 0.4337 0.8187 0.1257 0.0346
0 0.6139 0.8227 0.1805 0.0232
0 0.7722 0.8242 0.1027 0.0205
0 0.9161 0.8343 0.1267 0.0324
0 0.1961 0.8476 0.0977 0.0341
0 0.3171 0.8462 0.1037 0.0173
0 0.4613 0.8467 0.1336 0.0211
0 0.6192 0.8455 0.1356 0.0270
0 0.7314 0.8420 0.0489 0.0146
0 0.8395 0.8482 0.1346 0.0270
