0 0.2152 0.2421 0.0527 0.0203
0 0.3314 0.2378 0.1378 0.0534
0 0.2860 0.2898 0.1553 0.0519
0 0.4430 0.2813 0.1054 0.0543
0 0.4825 0.2223 0.1455 0.0585
0 0.6895 0.2114 0.2345 0.0561
0 0.7980 0.2293 0.0070 0.0057
0 0.6679 0.3216 0.1914 0.0377
0 0.5832 0.2692 0.1303 0.0551
0 0.5085 0.3255 0.0947 0.0509
0 0.7493 0.2726 0.1680 0.0618
0 0.7629 0.3330 0.0258 0.0188
0 0.2447 0.3421 0.1311 0.0536
0 0.3547 0.3451 0.0206 0.0180
0 0.4043 0.3314 0.0725 0.0406
0 0.4552 0.3797 0.2437 0.0565
0 0.2275 0.3849 0.1271 0.0421
0 0.3086 0.4343 0.1811 0.0604
0 0.4900 0.4219 0.0883 0.0271
0 0.5863 0.3780 0.0170 0.0171
0 0.6241 0.4132 0.1509 0.0486
0 0.7204 0.4373 0.0269 0.0218
0 0.6748 0.4841 0.0190 0.0183
0 0.5697 0.4743 0.1894 0.0403
0 0.3566 0.4857 0.1965 0.0548
0 0.2023 0.4877 0.0713 0.0283
0 0.2402 0.5301 0.0860 0.0462
0 0.3703 0.5394 0.1517 0.0565
0 0.5933 0.5282 0.2310 0.0592
0 0.7093 0.5422 0.0158 0.0177
0 0.6604 0.5813 0.1624 0.0321
0 0.4133 0.5925 0.2599 0.0545
0 0.2162 0.5826 0.0852 0.0347
0 0.2669 0.6469 0.1478 0.0465
0 0.2540 0.7013 0.1498 0.0471
0 0.3448 0.7148 0.0230 0.0212
0 0.4247 0.7070 0.1466 0.0474
0 0.4595 0.6466 0.2441 0.0571
0 0.5897 0.6505 0.0293 0.0259
0 0.2469 0.7478 0.1550 0.0623
0 0.3213 0.7542 0.0092 0.0084
0 0.6941 0.6367 0.1770 0.0707
0 0.7372 0.5932 0.0160 0.0113
0 0.6287 0.7054 0.2630 0.0607
0 0.7706 0.7015 0.0217 0.0140
