0 0.1643 0.0334 0.2174 0.0363
0 0.2974 0.0338 0.0392 0.0175
0 0.3533 0.0332 0.0816 0.0275
0 0.4903 0.0395 0.1666 0.0206
0 0.5903 0.0452 0.0333 0.0237
0 0.6397 0.0474 0.0850 0.0338
0 0.8175 0.0466 0.2683 0.0294
0 0.0893 0.0564 0.1758 0.0294
0 0.2326 0.0578 0.0875 0.0350
0 0.3730 0.0658 0.1683 0.0344
0 0.5762 0.0659 0.2024 0.0319
0 0.7236 0.0691 0.0750 0.0244
0 0.8589 0.0713 0.1900 0.0287
0 0.0429 0.0875 0.0691 0.0250
0 0.1712 0.0889 0.1591 0.0194
0 0.2658 0.0941 0.0233 0.0187
0 0.3710 0.0952 0.1475 0.0238
0 0.5883 0.0945 0.2599 0.0306
0 0.8236 0.0957 0.2083 0.0275
0 0.0764 0.1122 0.1333 0.0244
0 0.1481 0.1191 0.0267 0.0131
0 0.3326 0.1206 0.3374 0.0413
0 0.5485 0.1164 0.0858 0.0300
0 0.6786 0.1242 0.1683 0.0400
0 0.7708 0.1201 0.0500 0.0262
0 0.4037 0.1741 0.2158 0.0344
0 0.6384 0.1703 0.2241 0.0350
0 0.3957 0.2150 0.2274 0.0356
0 0.6150 0.2097 0.1383 0.0250
0 0.8269 0.2048 0.2483 0.0262
0 0.3562 0.2494 0.1541 0.0238
0 0.5879 0.2447 0.2565 0.0338
0 0.8427 0.2476 0.2299 0.0619
