0 0.2855 0.1464 0.2182 0.0734
0 0.4671 0.1547 0.0815 0.0484
0 0.6535 0.1540 0.2375 0.0525
0 0.2083 0.2061 0.1416 0.0483
0 0.4438 0.2083 0.2515 0.0526
0 0.6712 0.2116 0.1507 0.0483
0 0.7336 0.2698 0.2839 0.0647
0 0.4542 0.2611 0.2417 0.0555
0 0.2223 0.2598 0.1501 0.0502
0 0.3109 0.2641 0.0163 0.0142
0 0.2945 0.3205 0.0223 0.0187
0 0.1944 0.3137 0.0971 0.0441
0 0.4768 0.3187 0.3453 0.0569
0 0.4882 0.3759 0.0152 0.0102
0 0.4359 0.3605 0.1302 0.0376
0 0.2470 0.3714 0.2161 0.0456
0 0.6050 0.3636 0.1738 0.0467
0 0.7567 0.3701 0.1189 0.0347
0 0.6466 0.4322 0.0737 0.0449
0 0.5150 0.4327 0.1105 0.0515
0 0.2435 0.4184 0.1592 0.0339
0 0.2409 0.4732 0.2152 0.0325
0 0.3896 0.4310 0.0874 0.0482
0 0.4372 0.4786 0.1105 0.0321
0 0.5809 0.4393 0.0200 0.0259
0 0.5044 0.4827 0.0115 0.0098
0 0.5633 0.4692 0.0766 0.0357
0 0.7466 0.4764 0.2264 0.0501
0 0.6912 0.5334 0.0851 0.0278
0 0.6300 0.5416 0.0266 0.0193
0 0.4573 0.5283 0.2730 0.0315
0 0.2088 0.5291 0.1676 0.0359
0 0.2488 0.5852 0.2003 0.0371
0 0.5915 0.5935 0.0718 0.0508
0 0.7016 0.5858 0.1088 0.0300
0 0.7657 0.5992 0.0231 0.0122
0 0.7585 0.6426 0.2197 0.0462
0 0.5427 0.6329 0.1604 0.0324
0 0.3480 0.6441 0.1821 0.0605
0 0.1945 0.6301 0.0807 0.0436
0 0.2117 0.6988 0.0928 0.0420
0 0.1826 0.7432 0.0708 0.0531
0 0.3429 0.7514 0.1941 0.0473
0 0.4256 0.6885 0.2400 0.0576
0 0.5574 0.7426 0.1732 0.0407
0 0.6649 0.6941 0.2214 0.0411
0 0.7299 0.7442 0.1209 0.0356
0 0.7721 0.7037 0.0276 0.0268
0 0.5515 0.9205 0.3753 0.0604
0 0.2978 0.8613 0.2207 0.0782
0 0.1926 0.9220 0.0907 0.0329
0 0.3226 0.9330 0.0675 0.0577
0 0.2687 0.9327 0.0262 0.0210
0 0.5109 0.8665 0.1662 0.0524
0 0.4929 0.8024 0.0886 0.0326
0 0.6635 0.8641 0.0715 0.0531
0 0.7989 0.8597 0.1783 0.0528
0 0.5457 0.8084 0.0136 0.0112
0 0.1865 0.8141 0.0813 0.0504
0 0.3415 0.8104 0.1885 0.0513
