0 0.3553 0.2879 0.1744 0.0564
0 0.5391 0.2899 0.1116 0.0353
0 0.3009 0.3194 0.1628 0.0415
0 0.3952 0.3201 0.0182 0.0124
0 0.4334 0.3203 0.0612 0.0155
0 0.5465 0.3240 0.1486 0.0341
0 0.6308 0.3287 0.0198 0.0130
0 0.6677 0.3209 0.0603 0.0167
0 0.7915 0.3243 0.1496 0.0291
0 0.1985 0.3501 0.0942 0.0279
0 0.2910 0.3491 0.0570 0.0205
0 0.4118 0.3525 0.1736 0.0273
0 0.5017 0.3570 0.0256 0.0167
0 0.5340 0.3471 0.0430 0.0192
0 0.6356 0.3521 0.1379 0.0236
0 0.6995 0.3574 0.0157 0.0093
0 0.7465 0.3486 0.0653 0.0167
0 0.8512 0.3494 0.1190 0.0155
0 0.2145 0.3740 0.1124 0.0174
0 0.3096 0.3752 0.0554 0.0198
0 0.4224 0.3754 0.1364 0.0229
0 0.5019 0.3731 0.0233 0.0267
0 0.6088 0.3751 0.1843 0.0279
0 0.7945 0.3816 0.1529 0.0353
0 0.2273 0.4038 0.1380 0.0298
0 0.3303 0.4058 0.0661 0.0254
0 0.3644 0.4091 0.0150 0.0155
0 0.4809 0.4084 0.1785 0.0279
0 0.6267 0.4075 0.0950 0.0205
0 0.6852 0.4136 0.0231 0.0161
0 0.7293 0.4057 0.0587 0.0143
0 0.8231 0.4102 0.1157 0.0205
0 0.8865 0.4101 0.0174 0.0174
0 0.1843 0.4309 0.0603 0.0174
0 0.3848 0.4346 0.3058 0.0360
0 0.3008 0.4521 0.1711 0.0347
0 0.3946 0.4672 0.0198 0.0149
0 0.5231 0.4660 0.2240 0.0347
0 0.7766 0.4641 0.2504 0.0310
0 0.1836 0.4890 0.0645 0.0279
0 0.3133 0.4845 0.1794 0.0329
0 0.5034 0.4866 0.1595 0.0149
0 0.7461 0.4834 0.2645 0.0391
0 0.2476 0.5177 0.1785 0.0298
0 0.4821 0.5187 0.2752 0.0291
0 0.6316 0.5227 0.0215 0.0149
0 0.7883 0.5183 0.2794 0.0254
0 0.3042 0.5396 0.2835 0.0403
0 0.4831 0.5386 0.0579 0.0161
0 0.5861 0.5434 0.1083 0.0229
0 0.7015 0.5465 0.0975 0.0291
0 0.8267 0.5427 0.1479 0.0353
0 0.2574 0.5618 0.1926 0.0291
0 0.4221 0.5684 0.0942 0.0285
0 0.5573 0.5684 0.1479 0.0285
0 0.7317 0.5706 0.1579 0.0273
0 0.8836 0.5731 0.1339 0.0267
0 0.2260 0.5885 0.1215 0.0186
0 0.3563 0.5954 0.1182 0.0242
0 0.5421 0.5928 0.2232 0.0384
0 0.6601 0.6040 0.0147 0.0136
0 0.7642 0.5987 0.1645 0.0335
0 0.1985 0.6192 0.0860 0.0329
0 0.3071 0.6153 0.1058 0.0223
0 0.4318 0.6209 0.1108 0.0335
0 0.6425 0.6201 0.2628 0.0291
0 0.7762 0.6326 0.0190 0.0180
0 0.8644 0.6266 0.1372 0.0198
0 0.2200 0.6397 0.1066 0.0211
0 0.3798 0.6471 0.1901 0.0304
0 0.5943 0.6499 0.2025 0.0304
0 0.3040 0.6680 0.1719 0.0304
0 0.4441 0.6779 0.0603 0.0335
0 0.5621 0.6749 0.1603 0.0304
0 0.7096 0.6792 0.1248 0.0279
0 0.8780 0.6854 0.2033 0.0291
0 0.2285 0.6976 0.1347 0.0285
0 0.3568 0.6996 0.1108 0.0242
0 0.5421 0.6971 0.1703 0.0360
0 0.7620 0.7048 0.2546 0.0291
0 0.9384 0.7085 0.0851 0.0198
0 0.1294 0.7184 0.0810 0.0285
0 0.2524 0.7209 0.1827 0.0223
0 0.4137 0.7243 0.1190 0.0236
0 0.5274 0.7332 0.0909 0.0304
0 0.6130 0.7254 0.0760 0.0229
0 0.6502 0.7349 0.0198 0.0143
0 0.7353 0.7307 0.1066 0.0254
0 0.2477 0.7493 0.1537 0.0291
0 0.3801 0.7515 0.0851 0.0279
0 0.5476 0.7538 0.2174 0.0298
0 0.7726 0.7550 0.1868 0.0211
0 0.2068 0.7684 0.0718 0.0229
0 0.2470 0.7675 0.0273 0.0267
0 0.3448 0.7690 0.1479 0.0298
0 0.4989 0.7767 0.1033 0.0174
0 0.5967 0.7873 0.0546 0.0384
0 0.6738 0.7866 0.0893 0.0260
0 0.7302 0.7892 0.0215 0.0174
0 0.7717 0.7880 0.0628 0.0316
0 0.2218 0.7946 0.1074 0.0198
0 0.3409 0.7960 0.0818 0.0198
0 0.4412 0.7956 0.0686 0.0273
0 0.6010 0.7993 0.1992 0.0347
0 0.7836 0.8110 0.1256 0.0192
0 0.2588 0.8201 0.1843 0.0236
0 0.4085 0.8272 0.0587 0.0211
0 0.3480 0.8326 0.0182 0.0124
0 0.5151 0.8308 0.1331 0.0254
0 0.6488 0.8326 0.1198 0.0236
0 0.7933 0.8389 0.1339 0.0223
0 0.1895 0.8516 0.0512 0.0366
0 0.2771 0.8468 0.0876 0.0186
0 0.3908 0.8459 0.0678 0.0279
0 0.5075 0.8575 0.1289 0.0260
0 0.6437 0.8578 0.1124 0.0211
0 0.7841 0.8659 0.1405 0.0236
0 0.1926 0.8772 0.0463 0.0267
0 0.2916 0.8755 0.1389 0.0260
0 0.4498 0.8784 0.1412 0.0236
0 0.5807 0.8898 0.0669 0.0434
0 0.7030 0.8891 0.1587 0.0310
0 0.8604 0.8948 0.1347 0.0229
0 0.2001 0.8980 0.0669 0.0211
0 0.2622 0.9061 0.0438 0.0316
0 0.3595 0.9093 0.1190 0.0298
0 0.4601 0.9085 0.0479 0.0198
0 0.8593 0.2050 0.1603 0.0322
0 0.8737 0.2311 0.1529 0.0205
0 0.8799 0.2602 0.0570 0.0260
0 0.7518 0.2656 0.0314 0.0174
0 0.7660 0.2357 0.0653 0.0186
0 0.7580 0.2094 0.0438 0.0161
