0 0.2198 0.0920 0.1256 0.0589
0 0.3538 0.0887 0.0992 0.0384
0 0.4442 0.0906 0.0496 0.0229
0 0.5152 0.0945 0.0636 0.0391
0 0.6255 0.0874 0.1537 0.0304
0 0.7468 0.0912 0.0769 0.0463
0 0.8732 0.0880 0.1686 0.0372
0 0.1480 0.1308 0.0711 0.0366
0 0.1826 0.1337 0.0207 0.0174
0 0.2374 0.1313 0.0554 0.0403
0 0.3574 0.1251 0.1843 0.0279
0 0.5132 0.1200 0.1041 0.0260
0 0.6064 0.1243 0.0711 0.0347
0 0.6815 0.1249 0.1074 0.0360
0 0.7324 0.1249 0.0231 0.0136
0 0.7716 0.1248 0.0488 0.0384
0 0.8474 0.1231 0.1198 0.0378
0 0.1653 0.1535 0.0917 0.0459
0 0.2811 0.1603 0.1289 0.0372
0 0.4086 0.1509 0.0950 0.0378
0 0.6011 0.1544 0.2967 0.0310
0 0.8461 0.1496 0.1810 0.0353
0 0.1666 0.1882 0.1083 0.0347
0 0.2709 0.1823 0.0529 0.0285
0 0.3933 0.1851 0.1645 0.0285
0 0.5543 0.1877 0.1446 0.0310
0 0.7166 0.1709 0.1165 0.0335
0 0.8433 0.1808 0.1198 0.0310
0 0.2323 0.2180 0.2174 0.0304
0 0.3469 0.2156 0.0215 0.0174
0 0.3876 0.2106 0.0529 0.0267
0 0.4609 0.2112 0.0802 0.0279
0 0.5432 0.2099 0.0587 0.0198
0 0.6495 0.2082 0.1322 0.0248
0 0.7958 0.2052 0.1471 0.0409
0 0.2132 0.2436 0.1736 0.0316
0 0.3573 0.2425 0.0785 0.0322
0 0.5003 0.2416 0.1645 0.0360
0 0.7305 0.2456 0.2777 0.0384
0 0.1495 0.2715 0.0463 0.0236
0 0.2201 0.2706 0.1041 0.0329
0 0.3217 0.2714 0.0851 0.0260
0 0.4777 0.2671 0.2165 0.0397
0 0.2570 0.2928 0.1223 0.0384
0 0.3687 0.2914 0.0736 0.0384
0 0.4885 0.2942 0.1215 0.0273
0 0.6270 0.2939 0.1512 0.0322
0 0.7567 0.2957 0.1273 0.0248
0 0.8288 0.2916 0.0298 0.0304
0 0.1505 0.3282 0.0537 0.0397
0 0.2914 0.3218 0.2438 0.0353
0 0.4126 0.3257 0.0364 0.0236
0 0.5830 0.3249 0.2883 0.0360
0 0.2704 0.3445 0.1380 0.0391
0 0.3442 0.3519 0.0273 0.0205
0 0.3952 0.3504 0.0570 0.0229
0 0.4803 0.3476 0.0884 0.0285
0 0.5159 0.3576 0.0207 0.0124
0 0.5725 0.3505 0.0673 0.0260
0 0.6992 0.3533 0.1678 0.0260
0 0.8549 0.3519 0.1265 0.0205
0 0.1579 0.3707 0.0603 0.0304
0 0.2498 0.3822 0.1273 0.0310
0 0.3811 0.3771 0.1289 0.0347
0 0.4900 0.3763 0.0579 0.0248
0 0.6220 0.3823 0.1967 0.0341
0 0.7850 0.3801 0.1422 0.0186
0 0.8481 0.3837 0.0240 0.0118
0 0.1789 0.4081 0.0884 0.0329
0 0.3213 0.4047 0.1537 0.0316
0 0.4934 0.4029 0.1479 0.0335
0 0.6444 0.4056 0.1083 0.0279
0 0.6976 0.4096 0.0314 0.0192
0 0.7753 0.4092 0.1339 0.0267
0 0.2079 0.4330 0.1463 0.0409
0 0.3218 0.4283 0.0686 0.0260
0 0.4332 0.4337 0.1413 0.0453
0 0.5179 0.4245 0.0496 0.0378
