0 0.1713 0.0389 0.2399 0.0306
0 0.3629 0.0279 0.0841 0.0225
0 0.5093 0.0327 0.1658 0.0294
0 0.7184 0.0295 0.1924 0.0312
0 0.8256 0.0299 0.0233 0.0181
0 0.8824 0.0275 0.0675 0.0300
0 0.1432 0.0655 0.2058 0.0281
0 0.3318 0.0596 0.1108 0.0275
0 0.4715 0.0548 0.1041 0.0206
0 0.5722 0.0517 0.0500 0.0200
0 0.6588 0.0531 0.0981 0.0256
0 0.8401 0.0521 0.1358 0.0375
0 0.1030 0.0960 0.1366 0.0338
0 0.2152 0.0884 0.0499 0.0213
0 0.2993 0.0920 0.0625 0.0312
0 0.4469 0.0810 0.1633 0.0231
0 0.5387 0.0857 0.0190 0.0131
0 0.5775 0.0843 0.0606 0.0325
0 0.7222 0.0784 0.1973 0.0319
0 0.8390 0.0800 0.0225 0.0156
0 0.8828 0.0832 0.0517 0.0331
0 0.1309 0.1185 0.1924 0.0231
0 0.3054 0.1114 0.1025 0.0256
0 0.4180 0.1110 0.0583 0.0275
0 0.5425 0.1084 0.1350 0.0306
0 0.6153 0.1070 0.0167 0.0112
0 0.6601 0.1072 0.0508 0.0338
0 0.7761 0.1038 0.1439 0.0325
0 0.1025 0.1454 0.1216 0.0325
0 0.2797 0.1413 0.2065 0.0381
0 0.4569 0.1314 0.1083 0.0350
0 0.7016 0.1251 0.3199 0.0363
0 0.1246 0.1670 0.1825 0.0312
0 0.2948 0.1624 0.1008 0.0275
0 0.3937 0.1514 0.0625 0.0250
0 0.5548 0.1531 0.1875 0.0256
0 0.7518 0.1468 0.1758 0.0269
0 0.8940 0.1398 0.1158 0.0269
0 0.1079 0.1898 0.1491 0.0269
0 0.3516 0.1823 0.2948 0.0369
0 0.5082 0.1785 0.0164 0.0125
0 0.5476 0.1733 0.0508 0.0244
0 0.6455 0.1708 0.1048 0.0250
0 0.7387 0.1659 0.0525 0.0206
0 0.8410 0.1607 0.1125 0.0269
0 0.1077 0.2175 0.1516 0.0350
0 0.3238 0.2090 0.2199 0.0319
0 0.7734 0.1907 0.3108 0.0425
0 0.1758 0.2407 0.2849 0.0369
0 0.3708 0.2302 0.0415 0.0187
0 0.4846 0.2329 0.1358 0.0325
0 0.6534 0.2235 0.1456 0.0331
0 0.8451 0.2150 0.2124 0.0356
0 0.0630 0.2662 0.0649 0.0213
0 0.1393 0.2928 0.1591 0.0356
0 0.2816 0.2885 0.1049 0.0381
0 0.4182 0.2901 0.1225 0.0275
0 0.5783 0.2876 0.1733 0.0363
0 0.7789 0.2854 0.1966 0.0375
0 0.1089 0.3263 0.1483 0.0387
0 0.2482 0.3294 0.0741 0.0394
0 0.3429 0.3210 0.0690 0.0338
0 0.4853 0.3189 0.1650 0.0350
0 0.5751 0.3211 0.0142 0.0256
0 0.6564 0.3137 0.1183 0.0219
0 0.8190 0.3161 0.1741 0.0350
0 0.1973 0.3601 0.1974 0.0312
0 0.3449 0.3522 0.0565 0.0238
0 0.4495 0.3484 0.1323 0.0356
0 0.5231 0.3546 0.0183 0.0175
0 0.5879 0.3466 0.0592 0.0238
0 0.7568 0.3474 0.1941 0.0281
0 0.1075 0.3813 0.1316 0.0238
0 0.2529 0.3764 0.0641 0.0306
0 0.3632 0.3809 0.1291 0.0312
0 0.5215 0.3754 0.1625 0.0369
0 0.6662 0.3664 0.0658 0.0244
0 0.8224 0.3672 0.2114 0.0344
0 0.0800 0.4092 0.1100 0.0213
0 0.1558 0.4084 0.0117 0.0169
0 0.2138 0.4060 0.0999 0.0287
0 0.3905 0.4001 0.2033 0.0225
0 0.6065 0.3960 0.1491 0.0281
0 0.7635 0.3894 0.1158 0.0287
0 0.8251 0.3910 0.0142 0.0181
0 0.0847 0.4422 0.1250 0.0344
0 0.2741 0.4287 0.2066 0.0325
0 0.3936 0.4164 0.0400 0.0300
0 0.4953 0.4266 0.1766 0.0394
0 0.5951 0.4158 0.0208 0.0344
