0 0.1175 0.0824 0.0850 0.0260
0 0.2023 0.0760 0.0436 0.0270
0 0.2870 0.0735 0.0989 0.0442
0 0.3489 0.0745 0.0089 0.0101
0 0.4251 0.0661 0.1114 0.0460
0 0.5515 0.0553 0.0891 0.0467
0 0.6287 0.0509 0.0407 0.0297
0 0.6999 0.0511 0.0359 0.0355
0 0.8001 0.0470 0.1169 0.0413
0 0.8538 0.0575 0.0103 0.0149
0 0.0970 0.1324 0.0412 0.0397
0 0.0912 0.1731 0.0325 0.0406
0 0.2192 0.1191 0.1606 0.0493
0 0.3586 0.1174 0.0395 0.0403
0 0.3204 0.1202 0.0102 0.0098
0 0.4781 0.1046 0.1562 0.0370
0 0.5737 0.1024 0.0084 0.0103
0 0.6351 0.0898 0.0923 0.0295
0 0.7288 0.0896 0.0438 0.0347
0 0.8053 0.0874 0.1022 0.0414
0 0.1791 0.1633 0.1027 0.0405
0 0.2371 0.1626 0.0075 0.0058
0 0.3051 0.1532 0.0825 0.0508
0 0.4238 0.1531 0.1392 0.0479
0 0.5597 0.1372 0.0862 0.0494
0 0.7353 0.1284 0.2316 0.0402
0 0.1397 0.2022 0.1350 0.0488
0 0.2712 0.2000 0.0896 0.0444
0 0.3710 0.1839 0.0448 0.0262
0 0.4907 0.1833 0.1481 0.0417
0 0.6370 0.1750 0.1184 0.0417
0 0.7159 0.1761 0.0179 0.0161
0 0.7924 0.1643 0.1043 0.0369
0 0.1222 0.2499 0.0973 0.0414
0 0.2937 0.2385 0.2179 0.0464
0 0.4549 0.2166 0.0432 0.0360
0 0.5400 0.2202 0.0912 0.0405
0 0.6337 0.2102 0.0534 0.0259
0 0.7379 0.2085 0.1091 0.0253
0 0.7975 0.2217 0.0173 0.0185
0 0.8459 0.2105 0.0723 0.0515
0 0.1343 0.5723 0.1492 0.0586
0 0.2152 0.5776 0.0137 0.0162
0 0.2510 0.5309 0.0132 0.0119
0 0.1496 0.5266 0.1713 0.0365
0 0.0853 0.4780 0.0457 0.0365
0 0.3417 0.5247 0.1278 0.0577
0 0.4641 0.5240 0.1004 0.0481
0 0.6576 0.5247 0.2540 0.0495
0 0.8148 0.5172 0.0491 0.0316
0 0.8428 0.4791 0.0772 0.0416
0 0.7908 0.4815 0.0122 0.0158
0 0.8403 0.4343 0.0140 0.0103
0 0.7203 0.4714 0.1100 0.0316
0 0.7753 0.4262 0.1200 0.0330
0 0.6240 0.4324 0.1647 0.0481
0 0.5130 0.4325 0.0565 0.0344
0 0.5500 0.4822 0.1806 0.0478
0 0.4723 0.4439 0.0140 0.0127
0 0.4139 0.4747 0.0528 0.0326
0 0.3727 0.4883 0.0148 0.0155
0 0.2926 0.4851 0.1296 0.0563
0 0.1583 0.4837 0.0860 0.0618
0 0.1993 0.4336 0.1458 0.0450
0 0.3232 0.4372 0.0546 0.0326
0 0.4154 0.4298 0.0919 0.0429
0 0.1091 0.2808 0.0709 0.0254
0 0.2408 0.2839 0.1706 0.0512
0 0.4820 0.2672 0.2640 0.0567
0 0.7005 0.2586 0.1259 0.0450
0 0.8252 0.2552 0.0838 0.0354
0 0.1464 0.3282 0.1650 0.0454
0 0.2968 0.3123 0.0491 0.0330
0 0.3757 0.3169 0.0875 0.0450
0 0.4984 0.3090 0.1023 0.0374
0 0.6853 0.3001 0.2234 0.0529
0 0.8059 0.3013 0.0118 0.0110
0 0.7927 0.3451 0.0410 0.0402
0 0.8408 0.3461 0.0594 0.0423
0 0.7389 0.3528 0.0222 0.0196
0 0.6731 0.3503 0.1241 0.0505
