0 0.2812 0.1082 0.1373 0.0580
0 0.3992 0.1192 0.0955 0.0385
0 0.1366 0.1568 0.1510 0.0497
0 0.2275 0.1688 0.0273 0.0154
0 0.2704 0.1688 0.0546 0.0237
0 0.3974 0.1679 0.1698 0.0414
0 0.4782 0.1772 0.0230 0.0183
0 0.5229 0.1662 0.0486 0.0213
0 0.6136 0.1696 0.1160 0.0225
0 0.7175 0.1731 0.0990 0.0296
0 0.7603 0.1783 0.0179 0.0095
0 0.7991 0.1691 0.0537 0.0160
0 0.8896 0.1758 0.1570 0.0266
0 0.9588 0.1841 0.0205 0.0154
0 0.1289 0.1952 0.0495 0.0237
0 0.2360 0.1976 0.1442 0.0396
0 0.2913 0.2045 0.0299 0.0201
0 0.3377 0.1976 0.0503 0.0201
0 0.4262 0.2008 0.0913 0.0266
0 0.5221 0.1992 0.0887 0.0207
0 0.6159 0.1954 0.0623 0.0213
0 0.6982 0.1947 0.1186 0.0254
0 0.8496 0.1973 0.1826 0.0308
0 0.1340 0.2343 0.1373 0.0408
0 0.2904 0.2356 0.1587 0.0296
0 0.4042 0.2393 0.0751 0.0396
0 0.4447 0.2408 0.0256 0.0177
0 0.5596 0.2374 0.1971 0.0331
0 0.7192 0.2344 0.1246 0.0272
0 0.7742 0.2389 0.0290 0.0195
0 0.8103 0.2317 0.0512 0.0189
0 0.8870 0.2332 0.0990 0.0219
0 0.9330 0.2406 0.0355 0.0201
0 0.0901 0.2634 0.0580 0.0213
0 0.2788 0.2752 0.2798 0.0420
0 0.1805 0.3065 0.1527 0.0408
0 0.2617 0.3198 0.0290 0.0201
0 0.3575 0.3118 0.1817 0.0402
0 0.5661 0.3073 0.2295 0.0314
0 0.7150 0.3074 0.0717 0.0343
0 0.8396 0.3024 0.1570 0.0325
0 0.1303 0.3441 0.1356 0.0243
0 0.4166 0.3393 0.2303 0.0396
0 0.6192 0.3354 0.1689 0.0319
0 0.8230 0.3358 0.2431 0.0355
0 0.2065 0.3804 0.2824 0.0414
0 0.3552 0.3838 0.0299 0.0231
0 0.5187 0.3699 0.2875 0.0426
0 0.6948 0.3612 0.0452 0.0195
0 0.7640 0.3659 0.1058 0.0290
0 0.8749 0.3645 0.0998 0.0373
0 0.1284 0.4191 0.1401 0.0466
0 0.3028 0.4134 0.1833 0.0379
0 0.4411 0.4082 0.0989 0.0359
0 0.5766 0.3928 0.1449 0.0273
0 0.7254 0.3899 0.1257 0.0353
0 0.8474 0.3907 0.1142 0.0286
0 0.1100 0.4515 0.0950 0.0253
0 0.2319 0.4467 0.1276 0.0406
0 0.4152 0.4334 0.2083 0.0446
0 0.5073 0.4366 0.0202 0.0233
0 0.5841 0.4309 0.1238 0.0313
0 0.6915 0.4232 0.0969 0.0353
0 0.7868 0.4158 0.0902 0.0260
0 0.8897 0.4168 0.1238 0.0280
0 0.1663 0.4783 0.2131 0.0399
0 0.2607 0.4870 0.0269 0.0240
0 0.3491 0.4705 0.1315 0.0300
0 0.4706 0.4598 0.0941 0.0306
0 0.6095 0.4601 0.1689 0.0479
0 0.7912 0.4475 0.1823 0.0366
0 0.1938 0.5212 0.1737 0.0453
0 0.3240 0.5189 0.0509 0.0406
0 0.4357 0.5070 0.1632 0.0473
0 0.5717 0.5037 0.1267 0.0353
0 0.7946 0.4977 0.3503 0.0399
0 0.1317 0.5685 0.1161 0.0453
0 0.3086 0.5507 0.1727 0.0459
0 0.5072 0.5412 0.2227 0.0519
0 0.7710 0.5315 0.2975 0.0353
0 0.1068 0.6046 0.0969 0.0426
0 0.2077 0.5899 0.0960 0.0353
0 0.2395 0.6016 0.0346 0.0226
0 0.3212 0.5895 0.1008 0.0373
0 0.4651 0.5821 0.1747 0.0419
0 0.5887 0.5756 0.0941 0.0373
0 0.7443 0.5634 0.1996 0.0379
0 0.1366 0.6295 0.1344 0.0313
0 0.2694 0.6162 0.1027 0.0353
0 0.4040 0.6066 0.1468 0.0300
0 0.5346 0.6034 0.0969 0.0206
0 0.6311 0.6015 0.0566 0.0280
0 0.6881 0.6010 0.0624 0.0326
0 0.7199 0.6038 0.0259 0.0160
0 0.7592 0.6003 0.0518 0.0339
0 0.8279 0.5912 0.0835 0.0213
0 0.1058 0.6668 0.0672 0.0280
0 0.2018 0.6525 0.0758 0.0300
0 0.3493 0.6445 0.1958 0.0306
0 0.4938 0.6345 0.0960 0.0246
0 0.6471 0.6251 0.1526 0.0253
0 0.7232 0.6358 0.0298 0.0160
0 0.7682 0.6238 0.0585 0.0226
0 0.8621 0.6196 0.1324 0.0226
0 0.1287 0.7008 0.1075 0.0266
0 0.2665 0.6844 0.1468 0.0326
0 0.3917 0.6826 0.0557 0.0346
0 0.4740 0.6696 0.0758 0.0253
0 0.5680 0.6624 0.0777 0.0359
0 0.6600 0.6648 0.1228 0.0379
0 0.7715 0.6530 0.0902 0.0226
0 0.8904 0.6515 0.1392 0.0253
0 0.1021 0.7397 0.0653 0.0406
0 0.2329 0.7265 0.1852 0.0419
0 0.4143 0.7088 0.1564 0.0286
0 0.5425 0.7070 0.0710 0.0473
0 0.6526 0.7020 0.1219 0.0346
0 0.7651 0.6923 0.0969 0.0180
0 0.8663 0.6895 0.0854 0.0206
0 0.0843 0.7835 0.0547 0.0393
0 0.1814 0.7741 0.1267 0.0426
0 0.2872 0.7583 0.0633 0.0193
0 0.1840 0.8080 0.1430 0.0493
0 0.3268 0.7984 0.1257 0.0439
0 0.4419 0.7936 0.0672 0.0373
0 0.5318 0.7884 0.1219 0.0379
0 0.6356 0.7762 0.0518 0.0246
0 0.6579 0.7844 0.0269 0.0160
0 0.7131 0.7797 0.0624 0.0399
0 0.8480 0.7716 0.2265 0.0266
0 0.1085 0.8619 0.0893 0.0459
0 0.2441 0.8452 0.1632 0.0433
0 0.3997 0.8315 0.1132 0.0353
0 0.4998 0.8319 0.0912 0.0333
0 0.5379 0.8354 0.0230 0.0180
0 0.6348 0.8164 0.1334 0.0273
0 0.7261 0.8174 0.0912 0.0319
0 0.7662 0.8242 0.0269 0.0206
0 0.8342 0.8149 0.1267 0.0326
0 0.9245 0.8174 0.0768 0.0319
0 0.0930 0.8913 0.0749 0.0493
0 0.2377 0.8766 0.1948 0.0366
0 0.3367 0.8805 0.0317 0.0193
0 0.3881 0.8742 0.0595 0.0373
0 0.5196 0.8573 0.1919 0.0313
0 0.6727 0.8499 0.0787 0.0220
0 0.8123 0.8510 0.1718 0.0353
0 0.1483 0.9300 0.1660 0.0433
0 0.2459 0.9301 0.0278 0.0213
0 0.2853 0.9237 0.0566 0.0419
0 0.4065 0.9091 0.1574 0.0293
0 0.5444 0.9029 0.0998 0.0280
0 0.6799 0.8916 0.1459 0.0333
0 0.8397 0.8885 0.1488 0.0326
0 0.5127 0.0680 0.1699 0.0359
0 0.6470 0.0705 0.0941 0.0300
0 0.7279 0.0686 0.0614 0.0233
0 0.8011 0.0685 0.0883 0.0286
0 0.8935 0.0694 0.1065 0.0359
