0 0.3559 0.1370 0.1201 0.0379
0 0.4647 0.1293 0.0738 0.0281
0 0.1869 0.1694 0.1488 0.0389
0 0.3134 0.1607 0.0573 0.0215
0 0.4489 0.1593 0.1562 0.0353
0 0.5867 0.1485 0.0595 0.0192
0 0.6994 0.1516 0.1182 0.0254
0 0.8066 0.1490 0.0827 0.0285
0 0.0743 0.2056 0.0430 0.0223
0 0.1841 0.2049 0.1570 0.0403
0 0.3341 0.1902 0.0405 0.0192
0 0.4207 0.1899 0.1108 0.0298
0 0.5501 0.1815 0.0529 0.0186
0 0.6534 0.1786 0.0901 0.0211
0 0.7530 0.1735 0.0893 0.0192
0 0.8284 0.1743 0.0430 0.0180
0 0.0996 0.2363 0.1074 0.0310
0 0.2629 0.2258 0.1620 0.0322
0 0.4301 0.2263 0.1157 0.0360
0 0.5568 0.2217 0.1248 0.0378
0 0.6441 0.2191 0.0603 0.0409
0 0.7411 0.2112 0.1017 0.0335
0 0.8242 0.2050 0.0512 0.0211
0 0.0965 0.2656 0.0959 0.0285
0 0.2075 0.2604 0.0595 0.0236
0 0.2921 0.2592 0.1008 0.0322
0 0.4085 0.2527 0.0587 0.0192
0 0.6023 0.2464 0.2934 0.0372
0 0.1690 0.2970 0.1463 0.0384
0 0.3625 0.2945 0.1917 0.0446
0 0.5423 0.2834 0.1512 0.0335
0 0.6756 0.2799 0.0984 0.0347
0 0.7981 0.2714 0.1240 0.0372
0 0.1273 0.3309 0.1463 0.0285
0 0.3338 0.3220 0.1926 0.0440
0 0.5315 0.3211 0.1686 0.0366
0 0.6480 0.3155 0.0405 0.0310
0 0.7472 0.3081 0.1165 0.0329
0 0.0906 0.3669 0.0950 0.0310
0 0.2075 0.3587 0.0984 0.0285
0 0.3506 0.3590 0.1289 0.0403
0 0.5804 0.3502 0.2413 0.0422
0 0.8018 0.3379 0.0926 0.0285
0 0.0933 0.4036 0.0810 0.0378
0 0.2157 0.3964 0.1231 0.0428
0 0.3778 0.3897 0.1694 0.0378
0 0.5196 0.3853 0.0752 0.0372
0 0.6510 0.3786 0.1603 0.0267
0 0.7967 0.3754 0.1157 0.0397
0 0.0956 0.4328 0.0967 0.0322
0 0.2111 0.4241 0.1000 0.0205
0 0.3399 0.4294 0.1132 0.0422
0 0.5143 0.4183 0.1926 0.0422
0 0.7102 0.4068 0.1231 0.0248
0 0.8262 0.4010 0.0884 0.0242
0 0.1380 0.4669 0.1537 0.0422
0 0.3047 0.4525 0.1289 0.0273
0 0.1906 0.4908 0.1479 0.0428
0 0.3348 0.4947 0.1141 0.0366
0 0.4934 0.4887 0.1868 0.0384
0 0.6425 0.4842 0.1017 0.0378
0 0.7460 0.4808 0.0893 0.0366
0 0.8460 0.4669 0.0669 0.0310
0 0.1026 0.5340 0.1108 0.0403
0 0.2759 0.5299 0.1934 0.0403
0 0.4724 0.5223 0.1670 0.0335
0 0.6193 0.5115 0.1108 0.0229
0 0.7269 0.5155 0.0760 0.0366
0 0.8076 0.5056 0.0818 0.0279
0 0.1102 0.5664 0.1231 0.0384
0 0.2606 0.5630 0.1240 0.0372
0 0.3623 0.5598 0.0719 0.0391
0 0.5077 0.5575 0.2099 0.0372
0 0.6885 0.5456 0.1521 0.0273
0 0.8169 0.5411 0.0810 0.0434
0 0.1059 0.5925 0.1091 0.0322
0 0.2239 0.5937 0.0950 0.0236
0 0.3104 0.5981 0.0430 0.0378
0 0.3726 0.5952 0.0703 0.0403
0 0.4532 0.5941 0.0537 0.0409
0 0.5367 0.5857 0.0818 0.0242
0 0.6490 0.5812 0.1008 0.0236
0 0.7523 0.5714 0.0546 0.0372
0 0.8448 0.5724 0.0868 0.0310
0 0.1052 0.6363 0.1298 0.0254
0 0.2356 0.6272 0.0934 0.0211
0 0.3998 0.6243 0.1719 0.0291
0 0.5407 0.6180 0.0537 0.0248
0 0.6539 0.6169 0.1273 0.0310
0 0.7922 0.6102 0.0984 0.0260
0 0.1191 0.6678 0.1438 0.0273
0 0.2459 0.6705 0.0446 0.0409
0 0.3411 0.6602 0.1017 0.0205
0 0.4530 0.6505 0.0587 0.0316
0 0.5452 0.6613 0.0959 0.0366
0 0.6729 0.6534 0.1041 0.0236
0 0.7995 0.6501 0.1240 0.0335
0 0.0819 0.7110 0.0528 0.0415
0 0.1836 0.7040 0.1422 0.0496
0 0.3515 0.6968 0.1446 0.0353
0 0.4871 0.6956 0.0521 0.0552
0 0.5946 0.6948 0.1281 0.0397
0 0.7267 0.6851 0.0950 0.0229
0 0.8185 0.6825 0.0703 0.0260
0 0.1100 0.7492 0.1339 0.0428
0 0.2155 0.7357 0.0504 0.0242
0 0.1627 0.7766 0.1198 0.0477
0 0.2933 0.7708 0.1033 0.0415
0 0.3977 0.7726 0.0455 0.0341
0 0.5119 0.7722 0.1182 0.0415
0 0.6233 0.7644 0.0521 0.0205
0 0.7248 0.7668 0.0496 0.0391
0 0.8323 0.7578 0.1397 0.0267
0 0.1152 0.8181 0.1471 0.0391
0 0.2427 0.8143 0.0744 0.0341
0 0.3703 0.8084 0.1405 0.0446
0 0.5262 0.8029 0.0884 0.0335
0 0.6200 0.8038 0.0760 0.0409
0 0.7678 0.7959 0.1355 0.0279
0 0.8632 0.7993 0.0736 0.0403
0 0.1110 0.8540 0.1331 0.0440
0 0.2263 0.8512 0.0777 0.0496
0 0.3434 0.8438 0.0785 0.0515
0 0.5000 0.8408 0.1777 0.0260
0 0.6670 0.8458 0.0479 0.0415
0 0.8078 0.8326 0.2017 0.0347
0 0.1243 0.8898 0.1959 0.0434
0 0.3303 0.8836 0.1579 0.0477
0 0.5031 0.8847 0.0479 0.0415
0 0.6557 0.8767 0.1752 0.0229
0 0.8251 0.8728 0.1058 0.0316
