0 0.3145 0.0530 0.1290 0.0560
0 0.4584 0.0554 0.0641 0.0552
0 0.1282 0.1026 0.1147 0.0552
0 0.2051 0.1066 0.0186 0.0160
0 0.2352 0.1032 0.0371 0.0174
0 0.3420 0.0990 0.1257 0.0480
0 0.4205 0.1094 0.0160 0.0160
0 0.4627 0.0974 0.0422 0.0225
0 0.5423 0.0982 0.0818 0.0298
0 0.6398 0.1014 0.0573 0.0334
0 0.7343 0.0897 0.0464 0.0211
0 0.7997 0.0863 0.0632 0.0254
0 0.8341 0.0935 0.0127 0.0148
0 0.1382 0.1403 0.0902 0.0305
0 0.2249 0.1434 0.0359 0.0174
0 0.2945 0.1438 0.1029 0.0349
0 0.3821 0.1393 0.0447 0.0203
0 0.4662 0.1356 0.1046 0.0378
0 0.6046 0.1389 0.1425 0.0472
0 0.7640 0.1248 0.1307 0.0385
0 0.0473 0.1460 0.0363 0.0225
0 0.0732 0.1859 0.1020 0.0356
0 0.1962 0.1837 0.1147 0.0312
0 0.2980 0.1878 0.0405 0.0451
0 0.3274 0.1880 0.0270 0.0203
0 0.3923 0.1792 0.0818 0.0334
0 0.4390 0.1760 0.0169 0.0131
0 0.4711 0.1727 0.0422 0.0203
0 0.5363 0.1732 0.0616 0.0269
0 0.6006 0.1699 0.0346 0.0203
0 0.6514 0.1743 0.0557 0.0291
0 0.7126 0.1661 0.0363 0.0211
0 0.8315 0.1662 0.1796 0.0436
0 0.1730 0.2215 0.1071 0.0458
0 0.2412 0.2292 0.0186 0.0167
0 0.3170 0.2237 0.1257 0.0363
0 0.4710 0.2196 0.1476 0.0392
0 0.5851 0.2138 0.0396 0.0276
0 0.6830 0.2025 0.1020 0.0494
0 0.8025 0.2026 0.0995 0.0218
0 0.0938 0.2556 0.1265 0.0501
0 0.2455 0.2571 0.1105 0.0392
0 0.4158 0.2594 0.1510 0.0327
0 0.5302 0.2532 0.0548 0.0342
0 0.6855 0.2512 0.1822 0.0385
0 0.1105 0.3040 0.2016 0.0414
0 0.2565 0.2949 0.0379 0.0203
0 0.3419 0.2984 0.0783 0.0385
0 0.4380 0.2939 0.0565 0.0378
0 0.5301 0.2844 0.0936 0.0494
0 0.6592 0.2832 0.1240 0.0414
0 0.7783 0.2902 0.0649 0.0414
0 0.8823 0.2822 0.1063 0.0283
0 0.0684 0.3462 0.0951 0.0342
0 0.1818 0.3409 0.0637 0.0291
0 0.2641 0.3325 0.0616 0.0262
0 0.3571 0.3348 0.0810 0.0363
0 0.4769 0.3283 0.1316 0.0400
0 0.5496 0.3351 0.0186 0.0174
0 0.6148 0.3280 0.0852 0.0392
0 0.6933 0.3296 0.0616 0.0371
0 0.7604 0.3188 0.0624 0.0182
0 0.8361 0.3250 0.0666 0.0334
0 0.9399 0.3114 0.1188 0.0451
0 0.0668 0.3775 0.0919 0.0189
0 0.1823 0.3761 0.0675 0.0189
0 0.3050 0.3764 0.1155 0.0472
0 0.4505 0.3724 0.1122 0.0392
0 0.1282 0.4184 0.1147 0.0451
0 0.1979 0.4118 0.0236 0.0153
0 0.2497 0.4212 0.0439 0.0342
0 0.3482 0.4111 0.1130 0.0443
0 0.4730 0.4126 0.0793 0.0363
0 0.6711 0.4078 0.2505 0.0378
0 0.8551 0.4036 0.0658 0.0349
0 0.0961 0.4507 0.1172 0.0487
0 0.2505 0.4566 0.1510 0.0327
0 0.4585 0.4511 0.1948 0.0356
0 0.6315 0.4492 0.0658 0.0400
0 0.7065 0.4359 0.0573 0.0356
0 0.7982 0.4428 0.0658 0.0356
0 0.0901 0.5040 0.1273 0.0414
0 0.1611 0.4727 0.0388 0.0203
0 0.2445 0.4962 0.1307 0.0342
0 0.3884 0.4895 0.1046 0.0262
0 0.4891 0.4771 0.0616 0.0320
0 0.6027 0.4752 0.0970 0.0392
0 0.7125 0.4783 0.0666 0.0233
0 0.7809 0.4868 0.0396 0.0320
0 0.8415 0.4837 0.0498 0.0312
0 0.0552 0.5443 0.0548 0.0385
0 0.1524 0.5331 0.0826 0.0218
0 0.2413 0.5349 0.0632 0.0254
0 0.3093 0.5196 0.0379 0.0363
0 0.4138 0.5209 0.1332 0.0363
0 0.5496 0.5192 0.0742 0.0218
0 0.6717 0.5180 0.1155 0.0276
0 0.7408 0.5282 0.0177 0.0174
0 0.7826 0.5196 0.0430 0.0225
0 0.8603 0.5202 0.0928 0.0320
0 0.0672 0.5731 0.0734 0.0240
0 0.1750 0.5732 0.0945 0.0269
0 0.2682 0.5726 0.0447 0.0312
0 0.3370 0.5672 0.0573 0.0233
0 0.4105 0.5582 0.0405 0.0414
0 0.4900 0.5709 0.0717 0.0363
0 0.5748 0.5620 0.0607 0.0240
0 0.6733 0.5618 0.0911 0.0320
0 0.7682 0.5644 0.0531 0.0400
0 0.8541 0.5532 0.1054 0.0509
0 0.0857 0.6162 0.1130 0.0269
0 0.1830 0.6165 0.0439 0.0552
0 0.2713 0.6147 0.0953 0.0378
0 0.3815 0.6078 0.0658 0.0240
0 0.4729 0.6026 0.0514 0.0218
0 0.5483 0.6101 0.0439 0.0312
0 0.6302 0.6087 0.0826 0.0342
0 0.7144 0.5988 0.0371 0.0225
0 0.1217 0.6473 0.1046 0.0501
0 0.2273 0.6529 0.0852 0.0501
0 0.3201 0.6605 0.0430 0.0487
0 0.3936 0.6557 0.0843 0.0392
0 0.4784 0.6471 0.0346 0.0247
0 0.5426 0.6521 0.0464 0.0458
0 0.6555 0.6467 0.1526 0.0378
0 0.7817 0.6366 0.0329 0.0203
0 0.8821 0.6353 0.1282 0.0429
0 0.1571 0.6909 0.0810 0.0291
0 0.2447 0.6960 0.0506 0.0392
0 0.3382 0.6895 0.0902 0.0262
0 0.4283 0.6908 0.0649 0.0400
0 0.5278 0.6866 0.0945 0.0371
0 0.6245 0.6890 0.0573 0.0363
0 0.6988 0.6821 0.0616 0.0560
0 0.8241 0.6769 0.1594 0.0233
0 0.9093 0.6875 0.0186 0.0167
0 0.0530 0.7418 0.0531 0.0363
0 0.1574 0.7280 0.1316 0.0422
0 0.2708 0.7307 0.0582 0.0225
0 0.3764 0.7320 0.1029 0.0334
0 0.4974 0.7274 0.1088 0.0465
0 0.5579 0.7315 0.0186 0.0131
0 0.6005 0.7303 0.0455 0.0356
0 0.7046 0.7213 0.1231 0.0203
0 0.8328 0.7178 0.0683 0.0218
0 0.0671 0.7738 0.0675 0.0254
0 0.1500 0.7713 0.0388 0.0233
0 0.2350 0.7731 0.0700 0.0240
0 0.3234 0.7689 0.1079 0.0516
0 0.4367 0.7691 0.0734 0.0465
0 0.5180 0.7624 0.0388 0.0276
0 0.5854 0.7761 0.0514 0.0356
0 0.6702 0.7667 0.0987 0.0334
0 0.7262 0.7687 0.0135 0.0153
0 0.7675 0.7692 0.0489 0.0356
0 0.8651 0.7627 0.1164 0.0422
0 0.9287 0.7662 0.0186 0.0240
0 0.0563 0.8210 0.0514 0.0392
0 0.1562 0.8145 0.1096 0.0291
0 0.2819 0.8102 0.0666 0.0203
0 0.3705 0.8160 0.0439 0.0320
0 0.4628 0.8136 0.0894 0.0356
0 0.5155 0.8143 0.0143 0.0203
0 0.5481 0.8133 0.0379 0.0378
0 0.6338 0.8109 0.0953 0.0356
0 0.7238 0.8055 0.0725 0.0581
0 0.8387 0.8054 0.1164 0.0385
0 0.0610 0.8520 0.0609 0.0429
0 0.2096 0.8553 0.1720 0.0356
0 0.3808 0.8481 0.1088 0.0545
0 0.4847 0.8548 0.0666 0.0429
0 0.5661 0.8437 0.0405 0.0291
0 0.6721 0.8469 0.1358 0.0327
0 0.8062 0.8456 0.1012 0.0385
0 0.9093 0.8277 0.0658 0.0414
0 0.0754 0.8986 0.0953 0.0305
0 0.2337 0.8995 0.1729 0.0407
0 0.3268 0.8966 0.0202 0.0182
0 0.3620 0.8880 0.0379 0.0233
0 0.4352 0.8889 0.0649 0.0334
0 0.5176 0.8881 0.0379 0.0262
0 0.6049 0.8834 0.0793 0.0334
0 0.6496 0.8927 0.0186 0.0160
0 0.7162 0.8840 0.0852 0.0458
0 0.7625 0.8911 0.0194 0.0211
0 0.8459 0.8849 0.1307 0.0392
0 0.0670 0.9387 0.0590 0.0385
0 0.1716 0.9377 0.1265 0.0392
0 0.3134 0.9325 0.1130 0.0400
0 0.4762 0.9326 0.1746 0.0429
0 0.5993 0.9255 0.0430 0.0233
0 0.6688 0.9272 0.0598 0.0378
0 0.7644 0.9261 0.0843 0.0356
0 0.9050 0.9178 0.1712 0.0494
0 0.1553 0.9706 0.1189 0.0523
0 0.2680 0.9695 0.0582 0.0501
0 0.3721 0.9733 0.0970 0.0327
0 0.4954 0.9710 0.1214 0.0531
0 0.5642 0.9621 0.0228 0.0131
0 0.6295 0.9694 0.0978 0.0305
0 0.6793 0.9706 0.0169 0.0189
0 0.7138 0.9719 0.0388 0.0465
0 0.8207 0.9668 0.1636 0.0363
0 0.9084 0.9678 0.0169 0.0189
