0 0.3109 0.2596 0.0579 0.0360
0 0.4844 0.2481 0.2132 0.0322
0 0.6769 0.2411 0.0678 0.0211
0 0.8098 0.2393 0.1502 0.0341
0 0.1233 0.3033 0.1521 0.0484
0 0.3106 0.2952 0.1934 0.0515
0 0.4692 0.2958 0.0579 0.0415
0 0.5822 0.2956 0.1339 0.0384
0 0.7267 0.2840 0.1312 0.0347
0 0.1286 0.3461 0.1099 0.0589
0 0.2520 0.3479 0.1041 0.0403
0 0.4538 0.3489 0.0660 0.0533
0 0.5893 0.3357 0.1703 0.0409
0 0.7374 0.3345 0.0636 0.0440
0 0.8612 0.3351 0.1529 0.0508
0 0.1786 0.3828 0.0545 0.0378
0 0.3449 0.3745 0.1926 0.0322
0 0.5286 0.3717 0.0628 0.0267
0 0.6119 0.3816 0.0488 0.0353
0 0.7259 0.3773 0.1546 0.0490
0 0.8521 0.3731 0.0736 0.0434
0 0.1645 0.4143 0.1429 0.0285
0 0.3038 0.4209 0.0521 0.0391
0 0.4414 0.4107 0.1438 0.0298
0 0.5674 0.4198 0.0959 0.0397
0 0.7204 0.4174 0.1603 0.0459
0 0.8627 0.4168 0.1171 0.0502
0 0.1329 0.4515 0.1463 0.0335
0 0.3289 0.4534 0.1966 0.0651
0 0.5063 0.4485 0.0793 0.0248
0 0.5923 0.4443 0.0430 0.0248
0 0.7029 0.4594 0.1670 0.0521
0 0.8766 0.4587 0.1727 0.0397
0 0.1454 0.4888 0.1074 0.0360
0 0.2890 0.5026 0.1058 0.0496
0 0.4929 0.4980 0.2637 0.0570
0 0.6696 0.4933 0.0587 0.0366
0 0.7928 0.4978 0.1579 0.0372
0 0.0692 0.5294 0.0579 0.0254
0 0.1890 0.5322 0.1529 0.0310
0 0.3442 0.5433 0.1273 0.0422
0 0.5075 0.5427 0.1288 0.0409
0 0.6445 0.5486 0.1446 0.0583
0 0.8128 0.5407 0.2256 0.0508
0 0.0917 0.5822 0.1306 0.0533
0 0.2473 0.5907 0.1529 0.0508
0 0.4071 0.5902 0.1587 0.0527
0 0.1442 0.2660 0.2190 0.0515
0 0.5613 0.5890 0.1281 0.0446
0 0.7109 0.5834 0.1108 0.0335
0 0.8770 0.5825 0.2124 0.0539
0 0.0872 0.6223 0.1132 0.0391
0 0.2291 0.6288 0.1165 0.0409
0 0.4358 0.6319 0.2827 0.0527
0 0.6423 0.6356 0.0901 0.0546
0 0.7505 0.6293 0.1205 0.0446
0 0.8676 0.6223 0.0824 0.0279
0 0.1229 0.6708 0.1735 0.0527
0 0.3025 0.6615 0.1273 0.0341
0 0.4918 0.6645 0.1587 0.0484
0 0.6543 0.6747 0.1141 0.0521
0 0.7924 0.6848 0.0793 0.0502
0 0.1582 0.7001 0.1636 0.0279
0 0.3262 0.7030 0.0802 0.0310
0 0.5109 0.7142 0.1884 0.0589
0 0.2655 0.7540 0.1810 0.0775
0 0.4381 0.7640 0.0734 0.0391
0 0.5320 0.7507 0.0306 0.0236
0 0.6058 0.7648 0.0810 0.0546
0 0.6961 0.7551 0.1172 0.0657
