0 0.1606 0.0569 0.1350 0.0444
0 0.2629 0.0511 0.0563 0.0244
0 0.3460 0.0451 0.1003 0.0290
0 0.4350 0.0397 0.0506 0.0183
0 0.4025 0.0488 0.0106 0.0143
0 0.5271 0.0493 0.1653 0.0375
0 0.6769 0.0447 0.1510 0.0338
0 0.7484 0.0442 0.0078 0.0051
0 0.7880 0.0307 0.0622 0.0309
0 0.8755 0.0442 0.1149 0.0302
0 0.0988 0.0900 0.1032 0.0356
0 0.1881 0.0798 0.0596 0.0262
0 0.3101 0.0844 0.1812 0.0354
0 0.4626 0.0763 0.1114 0.0165
0 0.5787 0.0802 0.0935 0.0271
0 0.5218 0.0827 0.0130 0.0126
0 0.6263 0.1051 0.0443 0.0325
0 0.7232 0.0756 0.1882 0.0235
0 0.8208 0.0773 0.0056 0.0046
0 0.8957 0.0749 0.1415 0.0332
0 0.1246 0.1308 0.0187 0.0199
0 0.0889 0.1242 0.0889 0.0261
0 0.1793 0.1245 0.1058 0.0350
0 0.3164 0.1218 0.1605 0.0325
0 0.4267 0.1137 0.0562 0.0219
0 0.5300 0.1144 0.1461 0.0400
