0 0.2761 0.0471 0.1772 0.0637
0 0.4635 0.0599 0.1464 0.0364
0 0.2563 0.1031 0.1932 0.0562
0 0.4313 0.1110 0.0903 0.0331
0 0.6030 0.1215 0.2115 0.0653
0 0.1233 0.1714 0.0743 0.0289
0 0.4766 0.1729 0.1143 0.0265
0 0.6932 0.1920 0.3087 0.0562
0 0.1050 0.2314 0.0766 0.0322
0 0.2236 0.2334 0.1749 0.0446
0 0.2809 0.1698 0.1841 0.0479
0 0.3327 0.1978 0.1098 0.0289
0 0.3222 0.2380 0.0389 0.0231
0 0.3930 0.2277 0.0972 0.0248
0 0.5443 0.2376 0.1692 0.0364
0 0.7406 0.2469 0.1589 0.0355
0 0.0894 0.2906 0.0926 0.0339
0 0.2481 0.2850 0.1989 0.0422
0 0.4601 0.2871 0.2230 0.0686
0 0.6656 0.3113 0.1589 0.0587
0 0.8341 0.3145 0.1932 0.0513
0 0.2220 0.3612 0.1829 0.0529
0 0.3834 0.3551 0.1029 0.0380
0 0.5144 0.3658 0.1315 0.0537
0 0.6543 0.3603 0.0892 0.0289
0 0.5906 0.3683 0.0229 0.0198
0 0.1300 0.4255 0.1795 0.0537
0 0.2054 0.4774 0.2275 0.0743
0 0.4667 0.4855 0.2973 0.0488
0 0.7361 0.4754 0.2138 0.0314
0 0.1763 0.5231 0.2916 0.0628
0 0.5304 0.5305 0.3442 0.0389
0 0.0885 0.5990 0.0938 0.0479
0 0.1954 0.6139 0.0297 0.0223
0 0.4025 0.6013 0.3716 0.0471
0 0.6706 0.6019 0.1383 0.0537
0 0.1157 0.6584 0.1898 0.0529
0 0.3268 0.6653 0.1841 0.0529
0 0.5549 0.6540 0.2458 0.0885
0 0.2012 0.7134 0.3190 0.0628
0 0.5318 0.7190 0.2858 0.0463
0 0.7688 0.7107 0.1875 0.0298
0 0.1204 0.7760 0.1658 0.0298
0 0.4071 0.7774 0.3476 0.0604
0 0.7499 0.7764 0.2858 0.0612
