0 0.0970 0.2408 0.0717 0.0205
0 0.2031 0.2443 0.0867 0.0247
0 0.2509 0.2454 0.0073 0.0075
0 0.1690 0.2712 0.0964 0.0313
0 0.2293 0.2706 0.0141 0.0080
0 0.2624 0.2717 0.0360 0.0156
0 0.3308 0.2671 0.0672 0.0258
0 0.4083 0.2689 0.0444 0.0156
0 0.3938 0.3000 0.0737 0.0223
0 0.4964 0.2706 0.1067 0.0328
0 0.6153 0.2663 0.0805 0.0188
0 0.7050 0.2575 0.0433 0.0290
0 0.7864 0.2687 0.0840 0.0236
0 0.8529 0.3000 0.0724 0.0277
0 0.6123 0.3009 0.1163 0.0213
0 0.4938 0.3019 0.0737 0.0261
0 0.7419 0.2945 0.1115 0.0417
0 0.4385 0.3065 0.0103 0.0102
0 0.4487 0.3254 0.0197 0.0258
0 0.3902 0.3322 0.0942 0.0367
0 0.6606 0.2727 0.0073 0.0092
0 0.6777 0.3046 0.0081 0.0092
0 0.3698 0.2781 0.0090 0.0089
0 0.2775 0.3069 0.1216 0.0277
0 0.3015 0.3317 0.0420 0.0245
0 0.1775 0.2988 0.0523 0.0226
0 0.1606 0.3322 0.1906 0.0395
