0 0.1483 0.1204 0.1328 0.0964
0 0.2856 0.1238 0.1184 0.0699
0 0.3955 0.1120 0.0577 0.0517
0 0.4603 0.1259 0.0623 0.0685
0 0.5614 0.1106 0.1199 0.0573
0 0.6247 0.1168 0.0300 0.0363
0 0.6724 0.1127 0.0530 0.0587
0 0.7817 0.1043 0.1718 0.0531
0 0.8671 0.1167 0.0314 0.0196
0 0.9034 0.1113 0.0484 0.0615
0 0.1502 0.1953 0.1809 0.0433
0 0.3063 0.1883 0.1015 0.0461
0 0.3987 0.1946 0.0530 0.0699
0 0.4892 0.1814 0.1395 0.0657
0 0.5580 0.1848 0.0300 0.0251
0 0.6080 0.1752 0.0577 0.0559
0 0.7078 0.1675 0.1211 0.0629
0 0.8466 0.1537 0.1211 0.0657
0 0.1467 0.2530 0.1822 0.0754
0 0.2977 0.2460 0.1038 0.0699
0 0.5001 0.2252 0.2975 0.0782
0 0.7548 0.2106 0.1707 0.0657
0 0.1237 0.3169 0.1280 0.0699
0 0.2346 0.2946 0.0692 0.0559
0 0.3637 0.2960 0.1774 0.0587
0 0.5339 0.2884 0.1511 0.0573
0 0.6891 0.2578 0.1199 0.0433
0 0.8172 0.2571 0.1372 0.0531
0 0.1892 0.3655 0.2479 0.0671
0 0.3159 0.3570 0.0208 0.0335
0 0.3613 0.3411 0.0448 0.0461
0 0.4477 0.3404 0.1038 0.0447
0 0.5309 0.3341 0.0646 0.0349
0 0.6253 0.3209 0.1257 0.0391
0 0.6724 0.3369 0.0254 0.0265
0 0.7672 0.3231 0.1649 0.0657
0 0.8541 0.3230 0.0277 0.0238
0 0.1620 0.4225 0.1880 0.0866
0 0.3221 0.4016 0.1026 0.0671
0 0.4864 0.3870 0.2145 0.0712
0 0.6981 0.3710 0.1545 0.0643
0 0.8614 0.3550 0.1534 0.0545
0 0.1356 0.4877 0.1407 0.0615
0 0.2487 0.4654 0.0530 0.0475
0 0.3348 0.4711 0.1084 0.0754
0 0.4869 0.4377 0.1487 0.0643
0 0.6952 0.4224 0.2710 0.0671
0 0.8366 0.4147 0.0288 0.0293
0 0.1958 0.5474 0.1361 0.0754
0 0.3310 0.5266 0.0980 0.0615
0 0.4917 0.5044 0.1695 0.0643
0 0.7443 0.4898 0.3275 0.0768
0 0.1372 0.6342 0.0577 0.0657
0 0.2963 0.6017 0.2675 0.0950
0 0.4372 0.5973 0.0300 0.0363
0 0.6005 0.5572 0.2871 0.0782
0 0.1941 0.6933 0.1660 0.0782
0 0.2952 0.6660 0.0209 0.0210
0 0.3449 0.6606 0.0565 0.0461
0 0.4471 0.6412 0.1165 0.0629
0 0.5120 0.6522 0.0185 0.0293
0 0.5597 0.6327 0.0611 0.0349
0 0.6793 0.6211 0.2029 0.0782
0 0.8547 0.5994 0.1372 0.0461
0 0.0897 0.7502 0.0876 0.0754
0 0.2063 0.7537 0.1349 0.0796
0 0.3740 0.7301 0.1591 0.0712
0 0.5085 0.6939 0.0530 0.0545
0 0.6275 0.7016 0.1995 0.0726
0 0.7834 0.6786 0.0946 0.0433
0 0.8306 0.6890 0.0334 0.0251
0 0.8990 0.6682 0.1119 0.0503
0 0.1484 0.8148 0.1857 0.0740
0 0.3491 0.7836 0.1649 0.1034
0 0.4884 0.7704 0.1268 0.0768
0 0.5513 0.7737 0.0277 0.0363
0 0.7085 0.7489 0.2975 0.0866
0 0.1088 0.8773 0.0703 0.0685
0 0.2241 0.8641 0.1787 0.0754
0 0.3185 0.8321 0.0565 0.0643
