0 0.2421 0.2666 0.0926 0.0249
0 0.4300 0.2633 0.2378 0.0211
0 0.5614 0.2643 0.0173 0.0091
0 0.3104 0.2806 0.0986 0.0223
0 0.4167 0.2832 0.0751 0.0191
0 0.5485 0.2839 0.1525 0.0233
0 0.7172 0.2828 0.1621 0.0212
0 0.2344 0.2995 0.0799 0.0184
0 0.3013 0.3006 0.0305 0.0150
0 0.3526 0.2999 0.0441 0.0137
0 0.4587 0.2953 0.1201 0.0156
0 0.5692 0.2982 0.0716 0.0103
0 0.6817 0.2970 0.1134 0.0190
0 0.7465 0.2987 0.0125 0.0058
0 0.8636 0.3135 0.0078 0.0047
0 0.8024 0.3136 0.1160 0.0132
0 0.6504 0.3138 0.1452 0.0164
0 0.5731 0.3151 0.0296 0.0135
0 0.5559 0.3173 0.0091 0.0069
0 0.5093 0.3115 0.0964 0.0147
0 0.4224 0.3133 0.0392 0.0128
0 0.4092 0.3308 0.1211 0.0199
0 0.3178 0.3149 0.1190 0.0214
0 0.2875 0.3333 0.0861 0.0166
0 0.3528 0.3466 0.1305 0.0127
0 0.2095 0.3252 0.0384 0.0226
0 0.2282 0.3488 0.0702 0.0142
0 0.2560 0.3644 0.1231 0.0205
0 0.4041 0.3655 0.1305 0.0227
0 0.4268 0.3474 0.0092 0.0058
0 0.4844 0.3644 0.0188 0.0066
0 0.5032 0.3445 0.1146 0.0224
0 0.5132 0.3268 0.0403 0.0147
0 0.6280 0.3468 0.0838 0.0185
0 0.7653 0.3460 0.1779 0.0197
0 0.8309 0.3300 0.0147 0.0073
0 0.7719 0.3271 0.0965 0.0126
0 0.6295 0.3301 0.1562 0.0158
