0 0.1292 0.1702 0.0695 0.0403
0 0.3131 0.1599 0.2761 0.0310
0 0.5498 0.1607 0.1552 0.0353
0 0.6357 0.1621 0.0214 0.0130
0 0.7579 0.1582 0.1852 0.0304
0 0.1941 0.1968 0.2298 0.0298
0 0.4474 0.1936 0.2392 0.0316
0 0.6220 0.1939 0.0635 0.0322
0 0.7743 0.1834 0.2264 0.0223
0 0.1154 0.2345 0.0669 0.0384
0 0.2872 0.2271 0.2633 0.0291
0 0.5009 0.2271 0.1406 0.0403
0 0.6835 0.2228 0.2058 0.0372
0 0.1103 0.2698 0.0677 0.0397
0 0.2419 0.2581 0.1672 0.0217
0 0.4098 0.2564 0.1252 0.0267
0 0.5552 0.2514 0.1355 0.0223
0 0.6718 0.2511 0.0686 0.0217
0 0.7874 0.2487 0.1415 0.0223
0 0.1451 0.2942 0.1235 0.0384
0 0.2826 0.2928 0.1123 0.0273
0 0.3940 0.2871 0.0798 0.0186
0 0.4978 0.2948 0.0677 0.0397
0 0.6545 0.2859 0.2007 0.0273
0 0.8050 0.2911 0.0712 0.0378
0 0.1808 0.3289 0.1921 0.0329
0 0.3408 0.3280 0.0677 0.0310
0 0.4782 0.3210 0.1869 0.0254
0 0.6487 0.3186 0.1141 0.0205
0 0.7542 0.3266 0.0695 0.0366
0 0.1599 0.3626 0.1586 0.0279
0 0.2965 0.3641 0.0652 0.0366
0 0.4053 0.3629 0.1466 0.0341
0 0.5547 0.3535 0.1149 0.0347
0 0.7145 0.3572 0.1818 0.0366
0 0.1367 0.3904 0.1123 0.0335
0 0.3506 0.3907 0.2624 0.0285
0 0.6092 0.3933 0.2101 0.0366
0 0.8155 0.3891 0.1561 0.0310
0 0.1169 0.4226 0.0643 0.0285
0 0.2770 0.4260 0.2178 0.0298
0 0.4687 0.4288 0.1569 0.0298
0 0.6274 0.4218 0.1132 0.0242
0 0.7629 0.4303 0.1175 0.0384
0 0.2285 0.4641 0.2958 0.0366
0 0.4294 0.4561 0.0532 0.0205
0 0.5252 0.4579 0.1226 0.0298
0 0.6331 0.4550 0.0746 0.0211
0 0.7591 0.4519 0.1432 0.0205
0 0.1398 0.4962 0.1406 0.0341
0 0.3094 0.4962 0.1578 0.0285
0 0.5427 0.4962 0.3104 0.0341
0 0.7840 0.4968 0.1346 0.0353
0 0.1578 0.5285 0.1767 0.0291
0 0.3150 0.5333 0.1466 0.0360
0 0.4239 0.5236 0.0506 0.0167
0 0.5312 0.5308 0.1706 0.0310
0 0.7079 0.5327 0.1269 0.0403
0 0.2101 0.5623 0.2813 0.0384
0 0.2144 0.5925 0.1372 0.0490
0 0.3454 0.5939 0.0909 0.0322
0 0.5090 0.5944 0.1818 0.0304
0 0.6840 0.5975 0.1818 0.0366
0 0.8357 0.5985 0.1381 0.0360
0 0.1010 0.6368 0.0686 0.0403
0 0.1638 0.6356 0.0720 0.0322
0 0.3243 0.6281 0.2041 0.0285
0 0.4731 0.6354 0.0712 0.0403
0 0.5413 0.6329 0.0660 0.0298
0 0.6726 0.6329 0.1646 0.0353
0 0.2734 0.6598 0.2024 0.0335
0 0.4391 0.6618 0.0755 0.0236
0 0.5703 0.6598 0.1406 0.0279
0 0.6893 0.6632 0.0703 0.0236
0 0.8215 0.6626 0.1681 0.0279
0 0.1388 0.6973 0.1415 0.0223
0 0.2680 0.6962 0.0720 0.0229
0 0.3823 0.7066 0.1535 0.0353
0 0.5627 0.7013 0.1809 0.0360
0 0.7017 0.6998 0.0729 0.0273
0 0.8321 0.7052 0.1586 0.0409
0 0.1035 0.7345 0.0875 0.0217
0 0.3717 0.7410 0.1183 0.0347
0 0.5449 0.7363 0.2204 0.0254
0 0.7558 0.7425 0.1672 0.0378
0 0.1279 0.7700 0.1141 0.0260
0 0.2673 0.7692 0.1235 0.0273
0 0.5010 0.7732 0.2881 0.0353
0 0.7655 0.7750 0.1921 0.0471
