0 0.1678 0.0586 0.1522 0.0282
0 0.2915 0.0618 0.0913 0.0319
0 0.3965 0.0583 0.0625 0.0361
0 0.5407 0.0597 0.2259 0.0276
0 0.6562 0.0667 0.0152 0.0168
0 0.7112 0.0706 0.0585 0.0300
0 0.7855 0.0639 0.0905 0.0222
0 0.1493 0.0869 0.1514 0.0294
0 0.2788 0.0864 0.0881 0.0228
0 0.4111 0.0889 0.1722 0.0306
0 0.6000 0.0867 0.1778 0.0373
0 0.6902 0.0970 0.0248 0.0162
0 0.7336 0.0962 0.0561 0.0312
0 0.7983 0.0937 0.0633 0.0234
0 0.1596 0.1102 0.1498 0.0204
0 0.3027 0.1096 0.1025 0.0192
0 0.4257 0.1142 0.1097 0.0228
0 0.5262 0.1134 0.0553 0.0156
0 0.6190 0.1169 0.1073 0.0282
0 0.7549 0.1181 0.1210 0.0306
0 0.1482 0.1359 0.1186 0.0300
0 0.2417 0.1389 0.0529 0.0222
0 0.3173 0.1448 0.0569 0.0312
0 0.4325 0.1429 0.1538 0.0246
0 0.5039 0.1530 0.0272 0.0198
0 0.5594 0.1474 0.0633 0.0337
0 0.6634 0.1453 0.1713 0.0294
0 0.7599 0.1527 0.0280 0.0192
0 0.8145 0.1499 0.0569 0.0331
0 0.1787 0.1638 0.1907 0.0276
0 0.3324 0.1642 0.0953 0.0228
0 0.4355 0.1717 0.0489 0.0240
0 0.5513 0.1705 0.1498 0.0270
0 0.6273 0.1760 0.0184 0.0186
0 0.6719 0.1753 0.0577 0.0312
0 0.7691 0.1767 0.1410 0.0312
0 0.1446 0.1915 0.1170 0.0385
0 0.2900 0.1993 0.1634 0.0319
0 0.4335 0.1970 0.1113 0.0385
0 0.5629 0.1963 0.1314 0.0258
0 0.6920 0.1989 0.1562 0.0228
0 0.8200 0.1965 0.0817 0.0319
0 0.1395 0.2201 0.1290 0.0319
0 0.2783 0.2235 0.1234 0.0276
0 0.3954 0.2186 0.0769 0.0288
0 0.5448 0.2274 0.2035 0.0270
0 0.7313 0.2286 0.1570 0.0294
0 0.1983 0.2444 0.1410 0.0361
0 0.3413 0.2488 0.1410 0.0337
0 0.4867 0.2503 0.1290 0.0312
0 0.6279 0.2549 0.1586 0.0264
0 0.7154 0.2598 0.0224 0.0168
0 0.7602 0.2540 0.0649 0.0246
0 0.8461 0.2546 0.1033 0.0343
0 0.1121 0.2716 0.0769 0.0264
0 0.2260 0.2732 0.1298 0.0270
0 0.2890 0.2798 0.0224 0.0180
0 0.3758 0.2781 0.1626 0.0312
0 0.4464 0.2845 0.0288 0.0162
0 0.5416 0.2810 0.1666 0.0343
0 0.6395 0.2782 0.0873 0.0174
0 0.7332 0.2852 0.1081 0.0343
0 0.8351 0.2850 0.0897 0.0282
0 0.1543 0.3032 0.1642 0.0343
0 0.3327 0.3047 0.1626 0.0288
0 0.5747 0.3128 0.3132 0.0367
0 0.7675 0.3073 0.0601 0.0228
0 0.8431 0.3122 0.1057 0.0300
0 0.1588 0.3280 0.1482 0.0282
0 0.3246 0.3297 0.1602 0.0373
0 0.4732 0.3347 0.1714 0.0276
0 0.2047 0.3570 0.1538 0.0391
0 0.3367 0.3594 0.0929 0.0355
0 0.4718 0.3636 0.1658 0.0300
0 0.7250 0.3675 0.3084 0.0379
0 0.1047 0.3878 0.0705 0.0367
0 0.2034 0.3888 0.0513 0.0332
0 0.2710 0.3892 0.0809 0.0312
0 0.4061 0.3860 0.1650 0.0415
0 0.4981 0.3979 0.0240 0.0180
0 0.5751 0.3924 0.1170 0.0264
0 0.7258 0.3929 0.1682 0.0331
0 0.2360 0.4101 0.1971 0.0312
0 0.3554 0.4151 0.0303 0.0162
0 0.4170 0.4135 0.0617 0.0270
0 0.5275 0.4153 0.1162 0.0306
0 0.5831 0.4271 0.0272 0.0180
0 0.6384 0.4195 0.0657 0.0222
0 0.7719 0.4187 0.1939 0.0403
0 0.1421 0.4401 0.1730 0.0331
0 0.3013 0.4389 0.0721 0.0306
0 0.4056 0.4494 0.1418 0.0349
0 0.5908 0.4489 0.2011 0.0367
0 0.7442 0.4478 0.0801 0.0373
0 0.8484 0.4541 0.1634 0.0361
0 0.1040 0.4680 0.1025 0.0276
0 0.2244 0.4678 0.1378 0.0300
0 0.3019 0.4769 0.0288 0.0204
0 0.3889 0.4782 0.1306 0.0343
0 0.5776 0.4770 0.2275 0.0319
0 0.1591 0.5010 0.1682 0.0493
0 0.3282 0.5034 0.1314 0.0319
0 0.3971 0.5060 0.0192 0.0204
0 0.5766 0.5071 0.3365 0.0421
0 0.7862 0.5049 0.0697 0.0349
0 0.8873 0.5056 0.1469 0.0306
