0 0.2810 0.3051 0.1314 0.0463
0 0.4174 0.3115 0.0737 0.0397
0 0.2155 0.3371 0.1698 0.0325
0 0.3578 0.3378 0.0601 0.0228
0 0.5021 0.3421 0.2043 0.0343
0 0.6156 0.3483 0.0256 0.0216
0 0.6726 0.3393 0.0729 0.0174
0 0.8045 0.3435 0.1562 0.0258
0 0.1261 0.3665 0.1162 0.0331
0 0.1975 0.3704 0.0256 0.0186
0 0.2455 0.3621 0.0633 0.0186
0 0.3977 0.3710 0.2314 0.0337
0 0.5196 0.3729 0.0280 0.0180
0 0.5725 0.3642 0.0505 0.0312
0 0.6948 0.3667 0.1618 0.0306
0 0.7862 0.3753 0.0280 0.0228
0 0.8406 0.3673 0.0617 0.0234
0 0.1299 0.3897 0.1154 0.0294
0 0.2630 0.3940 0.1065 0.0240
0 0.3807 0.3921 0.0641 0.0258
0 0.5164 0.3885 0.1522 0.0270
0 0.7292 0.3916 0.2251 0.0361
0 0.1520 0.4231 0.1650 0.0379
0 0.3499 0.4252 0.1971 0.0337
0 0.5026 0.4264 0.0801 0.0306
0 0.5557 0.4287 0.0224 0.0185
0 0.7091 0.4272 0.2626 0.0294
0 0.1319 0.4454 0.1194 0.0325
0 0.2011 0.4546 0.0272 0.0258
0 0.2573 0.4470 0.0785 0.0246
0 0.3829 0.4494 0.1298 0.0349
0 0.4605 0.4534 0.0433 0.0234
0 0.5245 0.4500 0.0657 0.0306
0 0.7452 0.4600 0.3292 0.0451
0 0.2187 0.4748 0.1875 0.0385
0 0.3136 0.4807 0.0328 0.0198
0 0.4587 0.4831 0.2507 0.0385
0 0.7371 0.4829 0.2964 0.0409
0 0.0940 0.5018 0.0713 0.0343
0 0.2485 0.4994 0.1858 0.0349
0 0.4550 0.5005 0.1850 0.0204
0 0.7118 0.5035 0.2708 0.0403
0 0.1811 0.5293 0.2371 0.0337
0 0.3545 0.5340 0.0673 0.0319
0 0.5045 0.5311 0.1923 0.0288
0 0.6021 0.5396 0.0320 0.0180
0 0.7402 0.5375 0.2331 0.0361
0 0.1259 0.5551 0.1130 0.0325
0 0.4202 0.5579 0.4182 0.0463
0 0.6767 0.5629 0.0617 0.0258
0 0.8047 0.5674 0.1482 0.0264
0 0.1301 0.5883 0.1242 0.0349
0 0.3001 0.5827 0.1586 0.0349
0 0.5247 0.5848 0.2355 0.0391
0 0.7059 0.5941 0.1089 0.0270
0 0.8137 0.5948 0.0857 0.0228
0 0.1235 0.6101 0.1138 0.0258
0 0.2813 0.6156 0.1682 0.0312
0 0.4505 0.6159 0.1482 0.0319
0 0.5977 0.6155 0.1065 0.0198
0 0.7524 0.6206 0.1714 0.0300
0 0.1876 0.6355 0.2419 0.0433
0 0.3084 0.6466 0.0224 0.0210
0 0.4101 0.6440 0.1618 0.0325
0 0.5581 0.6488 0.1218 0.0337
0 0.6987 0.6455 0.1113 0.0216
0 0.8421 0.6539 0.1370 0.0300
0 0.1979 0.6646 0.2708 0.0264
0 0.3311 0.6743 0.0344 0.0180
0 0.4358 0.6687 0.1522 0.0319
0 0.6107 0.6717 0.1186 0.0294
0 0.7853 0.6779 0.2067 0.0337
0 0.1883 0.6919 0.2571 0.0367
0 0.2424 0.7193 0.2043 0.0330
0 0.4172 0.7291 0.0649 0.0361
0 0.5563 0.7298 0.2043 0.0319
0 0.7575 0.7371 0.1706 0.0270
0 0.1819 0.7501 0.2555 0.0391
0 0.3942 0.7554 0.1634 0.0331
0 0.5660 0.7588 0.1458 0.0343
0 0.7925 0.7611 0.2155 0.0445
0 0.2044 0.7758 0.3004 0.0349
0 0.4972 0.7855 0.2499 0.0349
0 0.7134 0.7934 0.1186 0.0397
0 0.8350 0.7952 0.1089 0.0264
0 0.8656 0.8056 0.0312 0.0168
0 0.1387 0.7998 0.1634 0.0246
0 0.3290 0.8091 0.2275 0.0349
0 0.5374 0.8165 0.1138 0.0331
0 0.7612 0.8209 0.2668 0.0391
0 0.1658 0.8265 0.1955 0.0475
0 0.3563 0.8347 0.1097 0.0276
0 0.5160 0.8358 0.1626 0.0355
0 0.6908 0.8449 0.1178 0.0258
0 0.8212 0.8534 0.0729 0.0319
0 0.1203 0.8592 0.1322 0.0379
0 0.1894 0.8649 0.0344 0.0186
0 0.2420 0.8631 0.0617 0.0319
0 0.3609 0.8629 0.1218 0.0258
0 0.5043 0.8676 0.1113 0.0240
0 0.6485 0.8642 0.0665 0.0312
0 0.7997 0.8774 0.1883 0.0409
0 0.1083 0.8844 0.0889 0.0216
0 0.2570 0.8880 0.1306 0.0288
0 0.4667 0.8939 0.2195 0.0294
0 0.5964 0.9047 0.0288 0.0204
0 0.6710 0.9038 0.0809 0.0270
0 0.8121 0.9056 0.1658 0.0306
0 0.1223 0.9136 0.1113 0.0300
0 0.3023 0.9180 0.1963 0.0276
0 0.4614 0.9295 0.0729 0.0312
0 0.5950 0.9294 0.1290 0.0282
0 0.7336 0.9314 0.0673 0.0294
0 0.8481 0.9430 0.1434 0.0361
