0 0.3826 0.0352 0.1625 0.0344
0 0.5554 0.0377 0.1191 0.0338
0 0.2187 0.0734 0.1875 0.0356
0 0.3824 0.0673 0.0592 0.0206
0 0.3380 0.0706 0.0399 0.0163
0 0.5254 0.0643 0.2091 0.0369
0 0.6444 0.0661 0.0250 0.0156
0 0.6937 0.0620 0.0625 0.0156
0 0.8172 0.0605 0.1816 0.0238
0 0.1430 0.1028 0.1333 0.0306
0 0.2947 0.0859 0.1783 0.0219
0 0.2660 0.0972 0.0458 0.0194
0 0.4090 0.0949 0.1623 0.0287
0 0.5042 0.0963 0.0252 0.0175
0 0.5518 0.0884 0.0592 0.0213
0 0.6515 0.0865 0.1141 0.0175
0 0.7715 0.0847 0.1041 0.0250
0 0.1571 0.1219 0.1558 0.0244
0 0.3604 0.1164 0.2374 0.0300
0 0.5693 0.1148 0.1525 0.0268
0 0.7523 0.1107 0.2074 0.0325
0 0.8874 0.1099 0.0691 0.0281
0 0.9215 0.1109 0.0208 0.0163
0 0.1462 0.1490 0.1425 0.0369
0 0.2289 0.1437 0.0301 0.0125
0 0.2776 0.1399 0.0608 0.0187
0 0.3839 0.1388 0.1233 0.0275
0 0.4474 0.1421 0.0226 0.0175
0 0.5015 0.1338 0.0808 0.0175
0 0.6104 0.1383 0.1208 0.0294
0 0.6731 0.1393 0.0267 0.0175
0 0.7214 0.1328 0.0567 0.0213
0 0.8669 0.1304 0.1950 0.0275
0 0.1472 0.1789 0.1500 0.0356
0 0.2389 0.1990 0.2083 0.0312
0 0.3520 0.2080 0.0207 0.0187
0 0.4914 0.2039 0.2549 0.0356
0 0.7855 0.1926 0.3266 0.0325
0 0.1015 0.2303 0.0641 0.0356
0 0.2407 0.2265 0.1924 0.0363
0 0.4648 0.2259 0.2241 0.0269
0 0.7462 0.2195 0.3257 0.0363
0 0.1997 0.2557 0.2549 0.0281
0 0.3975 0.2571 0.0950 0.0281
0 0.5762 0.2499 0.2608 0.0275
0 0.7079 0.2527 0.0214 0.0194
0 0.8182 0.2439 0.1891 0.0294
0 0.1754 0.2803 0.2091 0.0300
0 0.5101 0.2758 0.4174 0.0350
0 0.7551 0.2731 0.0492 0.0213
0 0.8686 0.2701 0.1650 0.0262
0 0.1430 0.3135 0.1416 0.0325
0 0.3068 0.3064 0.1941 0.0350
0 0.5537 0.3025 0.2658 0.0300
0 0.7543 0.3047 0.0975 0.0344
0 0.8928 0.2955 0.1466 0.0244
0 0.1614 0.3390 0.1866 0.0363
0 0.3373 0.3366 0.1357 0.0287
0 0.4850 0.3281 0.1200 0.0256
0 0.6340 0.3272 0.1708 0.0294
0 0.8373 0.3226 0.1941 0.0312
0 0.1225 0.3634 0.1200 0.0213
0 0.1795 0.3693 0.0284 0.0219
0 0.2972 0.3652 0.1916 0.0331
0 0.4610 0.3601 0.1191 0.0312
0 0.5817 0.3520 0.1216 0.0206
0 0.8002 0.3538 0.3116 0.0325
0 0.1260 0.3928 0.1408 0.0300
0 0.2056 0.3983 0.0250 0.0187
0 0.3225 0.3866 0.1783 0.0231
0 0.4940 0.3810 0.1158 0.0231
0 0.6580 0.3842 0.2216 0.0350
0 0.8540 0.3770 0.1775 0.0262
0 0.1079 0.4113 0.1241 0.0281
0 0.1972 0.4393 0.1833 0.0369
0 0.2967 0.4409 0.0267 0.0206
0 0.3422 0.4419 0.0733 0.0338
0 0.4954 0.4397 0.2408 0.0350
0 0.6996 0.4392 0.1491 0.0312
0 0.8710 0.4369 0.1725 0.0350
0 0.0989 0.4779 0.0950 0.0419
0 0.1756 0.4745 0.0400 0.0213
0 0.2753 0.4769 0.1616 0.0344
0 0.4350 0.4702 0.1283 0.0294
0 0.5993 0.4674 0.1958 0.0375
0 0.8309 0.4630 0.2508 0.0344
0 0.1629 0.5005 0.2341 0.0231
0 0.3650 0.4952 0.1550 0.0238
0 0.5117 0.4966 0.1150 0.0294
0 0.6260 0.4877 0.1075 0.0281
0 0.6811 0.4952 0.0260 0.0181
0 0.7625 0.4910 0.1250 0.0238
0 0.8964 0.4888 0.1316 0.0331
0 0.1037 0.5197 0.1158 0.0200
0 0.2208 0.5277 0.1000 0.0331
0 0.4220 0.5215 0.2858 0.0319
0 0.6782 0.5168 0.1924 0.0225
0 0.8410 0.5120 0.1208 0.0213
0 0.1243 0.5445 0.1625 0.0306
0 0.2755 0.5441 0.1233 0.0187
0 0.3922 0.5494 0.0650 0.0350
0 0.4797 0.5455 0.0900 0.0244
0 0.5322 0.5473 0.0282 0.0169
0 0.5868 0.5423 0.0625 0.0319
0 0.6844 0.5355 0.1216 0.0181
0 0.8119 0.5350 0.1100 0.0200
0 0.9211 0.5286 0.0700 0.0350
0 0.1682 0.5684 0.2474 0.0256
0 0.3633 0.5659 0.1266 0.0206
0 0.5596 0.5639 0.2358 0.0194
0 0.6778 0.5698 0.0250 0.0119
0 0.7301 0.5652 0.0658 0.0194
0 0.8640 0.5631 0.1725 0.0206
0 0.1094 0.5955 0.1300 0.0187
0 0.2750 0.5883 0.1750 0.0238
0 0.4167 0.5922 0.0667 0.0287
0 0.5123 0.5856 0.1025 0.0213
0 0.6111 0.5858 0.0667 0.0244
0 0.7226 0.5900 0.1425 0.0300
0 0.8715 0.5866 0.1375 0.0231
0 0.1278 0.6148 0.1750 0.0269
0 0.2625 0.6176 0.0667 0.0325
0 0.4039 0.6082 0.1966 0.0275
0 0.6204 0.6117 0.2158 0.0262
0 0.7635 0.6108 0.0658 0.0300
0 0.8703 0.6130 0.1516 0.0287
0 0.0965 0.6378 0.1125 0.0200
0 0.2192 0.6350 0.1050 0.0200
0 0.3124 0.6391 0.0691 0.0338
0 0.4269 0.6355 0.1650 0.0294
0 0.5489 0.6300 0.0533 0.0156
0 0.1607 0.6632 0.1658 0.0319
0 0.3287 0.6553 0.1491 0.0300
0 0.4515 0.6568 0.0641 0.0275
0 0.5611 0.6547 0.1500 0.0287
0 0.6829 0.6507 0.0658 0.0181
0 0.7739 0.6542 0.0616 0.0306
0 0.8851 0.6506 0.1508 0.0206
0 0.1076 0.6880 0.1291 0.0231
0 0.2276 0.6871 0.0858 0.0325
0 0.3858 0.6763 0.2049 0.0275
0 0.5786 0.6744 0.1516 0.0238
0 0.7047 0.6814 0.1150 0.0294
0 0.7589 0.6831 0.0317 0.0163
0 0.8672 0.6819 0.1733 0.0250
0 0.0983 0.7135 0.1133 0.0325
0 0.1504 0.7151 0.0258 0.0163
0 0.2829 0.7127 0.2074 0.0338
0 0.4500 0.7047 0.1166 0.0344
0 0.5439 0.7000 0.0683 0.0306
0 0.7143 0.6976 0.2758 0.0175
0 0.8558 0.7053 0.0227 0.0163
0 0.9121 0.7053 0.0658 0.0300
0 0.1439 0.7364 0.2183 0.0256
0 0.3062 0.7285 0.0791 0.0181
0 0.4493 0.7295 0.1791 0.0256
0 0.6425 0.7246 0.1766 0.0325
0 0.7174 0.7273 0.0292 0.0156
0 0.7694 0.7269 0.0667 0.0287
0 0.8800 0.7284 0.1600 0.0319
0 0.0871 0.7611 0.1158 0.0250
0 0.2232 0.7503 0.1158 0.0256
0 0.3193 0.7473 0.0691 0.0169
0 0.4398 0.7499 0.1491 0.0275
0 0.5891 0.7445 0.1616 0.0306
0 0.7541 0.7428 0.1333 0.0300
0 0.8736 0.7438 0.0833 0.0181
0 0.0660 0.7848 0.0542 0.0306
0 0.1835 0.7741 0.1725 0.0231
0 0.2726 0.7740 0.0258 0.0175
0 0.3258 0.7713 0.0683 0.0287
0 0.5612 0.7731 0.0225 0.0213
0 0.6149 0.7738 0.0658 0.0338
0 0.7714 0.7662 0.2399 0.0213
0 0.0905 0.8006 0.1116 0.0206
0 0.2054 0.8017 0.0691 0.0312
0 0.3278 0.7963 0.1666 0.0287
0 0.4156 0.7990 0.0200 0.0175
0 0.4597 0.7681 0.1916 0.0306
0 0.4755 0.7966 0.0733 0.0294
0 0.5989 0.7950 0.1700 0.0344
0 0.7568 0.7899 0.1191 0.0325
0 0.0835 0.8232 0.0975 0.0269
0 0.3032 0.8194 0.3257 0.0250
0 0.5902 0.8159 0.2249 0.0319
0 0.7768 0.8134 0.1258 0.0269
0 0.9026 0.8150 0.1025 0.0244
0 0.1307 0.8441 0.2058 0.0244
0 0.3360 0.8429 0.1691 0.0275
0 0.4842 0.8348 0.1183 0.0306
0 0.6364 0.8378 0.1700 0.0256
0 0.8439 0.8400 0.2266 0.0356
0 0.0476 0.8651 0.0508 0.0219
0 0.1454 0.8664 0.1241 0.0244
0 0.2493 0.8609 0.0625 0.0219
0 0.3562 0.8569 0.1208 0.0250
0 0.5114 0.8569 0.1616 0.0250
0 0.4171 0.8591 0.0258 0.0238
0 0.5926 0.8586 0.0185 0.0144
0 0.7162 0.8539 0.2241 0.0300
0 0.8171 0.8612 0.0258 0.0169
0 0.8814 0.8602 0.1016 0.0287
0 0.1387 0.8883 0.2358 0.0350
0 0.3605 0.8832 0.1766 0.0219
0 0.6344 0.8818 0.3382 0.0275
0 0.8287 0.8772 0.0741 0.0238
0 0.9189 0.8861 0.0766 0.0306
0 0.0617 0.9061 0.0733 0.0206
0 0.1793 0.9057 0.1475 0.0281
0 0.4209 0.8995 0.3058 0.0269
0 0.1218 0.9266 0.1408 0.0281
0 0.2607 0.9238 0.0991 0.0281
0 0.3249 0.9218 0.0275 0.0131
0 0.4811 0.9298 0.1900 0.0262
0 0.6940 0.9278 0.2324 0.0363
0 0.8891 0.9375 0.1533 0.0444
0 0.0537 0.9440 0.0575 0.0269
0 0.2052 0.9469 0.2549 0.0300
0 0.3403 0.9605 0.0333 0.0238
0 0.5491 0.9536 0.3816 0.0294
