0 0.3794 0.2716 0.1421 0.0433
0 0.5200 0.2738 0.1066 0.0337
0 0.2174 0.3027 0.1987 0.0304
0 0.3797 0.3041 0.0566 0.0248
0 0.5251 0.3115 0.1891 0.0312
0 0.6241 0.3135 0.0232 0.0186
0 0.6711 0.3079 0.0673 0.0240
0 0.7816 0.3103 0.1298 0.0234
0 0.1702 0.3321 0.0905 0.0252
0 0.2150 0.3381 0.0216 0.0150
0 0.2664 0.3327 0.0633 0.0264
0 0.4001 0.3358 0.2003 0.0355
0 0.4947 0.3395 0.0200 0.0150
0 0.5332 0.3367 0.0497 0.0234
0 0.6365 0.3382 0.1480 0.0264
0 0.7499 0.3355 0.0692 0.0183
0 0.8324 0.3355 0.0897 0.0154
0 0.1761 0.3580 0.0910 0.0187
0 0.3114 0.3583 0.1423 0.0221
0 0.3950 0.3551 0.0372 0.0269
0 0.5275 0.3633 0.2051 0.0293
0 0.7194 0.3695 0.1333 0.0279
0 0.8325 0.3700 0.0788 0.0288
0 0.1792 0.3923 0.1166 0.0346
0 0.2839 0.3933 0.0622 0.0284
0 0.3224 0.3968 0.0199 0.0130
0 0.4489 0.3941 0.2089 0.0298
0 0.6076 0.3921 0.1096 0.0260
0 0.6622 0.3980 0.0244 0.0183
0 0.7036 0.3901 0.0628 0.0163
0 0.8011 0.3947 0.1077 0.0255
0 0.8535 0.3996 0.0320 0.0159
0 0.1518 0.4154 0.0647 0.0197
0 0.3602 0.4209 0.3288 0.0308
0 0.2573 0.4421 0.1980 0.0341
0 0.4904 0.4518 0.2390 0.0341
0 0.7603 0.4524 0.2679 0.0298
0 0.1518 0.4756 0.0647 0.0346
0 0.2950 0.4714 0.1705 0.0288
0 0.4578 0.4709 0.1295 0.0168
0 0.6583 0.4761 0.2166 0.0327
0 0.8397 0.4799 0.1295 0.0264
0 0.2131 0.5005 0.1846 0.0370
0 0.3178 0.4998 0.0218 0.0163
0 0.4476 0.5020 0.2064 0.0317
0 0.5517 0.5106 0.0256 0.0156
0 0.7182 0.5048 0.2948 0.0346
0 0.3024 0.5280 0.3493 0.0365
0 0.5205 0.5279 0.0493 0.0197
0 0.6192 0.5329 0.1218 0.0240
0 0.7482 0.5372 0.1186 0.0327
0 0.8795 0.5330 0.1006 0.0327
0 0.1432 0.5583 0.0641 0.0332
0 0.3088 0.5560 0.2204 0.0341
0 0.4740 0.5633 0.0814 0.0293
0 0.6087 0.5595 0.1564 0.0245
0 0.7760 0.5672 0.1410 0.0288
0 0.9024 0.5658 0.1077 0.0288
0 0.1659 0.5835 0.1096 0.0226
0 0.3036 0.5876 0.1544 0.0279
0 0.4971 0.5865 0.2192 0.0341
0 0.6032 0.5954 0.0231 0.0159
0 0.6871 0.5962 0.1352 0.0312
0 0.8092 0.5948 0.1045 0.0341
0 0.9014 0.5921 0.0833 0.0231
0 0.1722 0.6173 0.1166 0.0317
0 0.3588 0.6130 0.2288 0.0288
0 0.2206 0.6448 0.2134 0.0341
0 0.2582 0.6706 0.1858 0.0356
0 0.3920 0.6800 0.0590 0.0351
0 0.5232 0.6772 0.1935 0.0293
0 0.6783 0.6818 0.1205 0.0303
0 0.8298 0.6858 0.1596 0.0356
0 0.2253 0.7055 0.2672 0.0332
0 0.4221 0.7087 0.1192 0.0341
0 0.5878 0.7037 0.1756 0.0351
0 0.8022 0.7139 0.2461 0.0279
0 0.2594 0.7306 0.3243 0.0279
0 0.4742 0.7380 0.1013 0.0288
0 0.5747 0.7336 0.0993 0.0255
0 0.6097 0.7425 0.0250 0.0183
0 0.6823 0.7401 0.1173 0.0274
0 0.8274 0.7413 0.1826 0.0298
0 0.1406 0.7652 0.0923 0.0332
0 0.3052 0.7646 0.2243 0.0375
0 0.5052 0.7612 0.1493 0.0197
0 0.6406 0.7639 0.0923 0.0250
0 0.6973 0.7621 0.0391 0.0269
0 0.7954 0.7635 0.1436 0.0298
0 0.1598 0.7895 0.0974 0.0207
0 0.2542 0.7994 0.0667 0.0322
0 0.3355 0.7959 0.0987 0.0308
0 0.3799 0.7980 0.0237 0.0183
0 0.4345 0.7985 0.0634 0.0332
0 0.5254 0.7952 0.1147 0.0183
0 0.6409 0.7972 0.1013 0.0221
0 0.7485 0.7949 0.0609 0.0260
0 0.6979 0.8031 0.0179 0.0173
0 0.8770 0.7983 0.1596 0.0327
0 0.1300 0.8187 0.0878 0.0207
0 0.2309 0.8222 0.1089 0.0250
0 0.4002 0.8222 0.1948 0.0250
0 0.5001 0.8314 0.0308 0.0212
0 0.5421 0.8256 0.0481 0.0207
0 0.6465 0.8259 0.1429 0.0212
0 0.7913 0.8295 0.1243 0.0202
0 0.1885 0.8464 0.1743 0.0207
0 0.3260 0.8563 0.0519 0.0293
0 0.3948 0.8490 0.0923 0.0231
0 0.4539 0.8591 0.0218 0.0154
0 0.5007 0.8528 0.0570 0.0250
0 0.5973 0.8586 0.1224 0.0284
0 0.7189 0.8571 0.0961 0.0197
0 0.8512 0.8603 0.1468 0.0207
0 0.1187 0.8827 0.0513 0.0293
0 0.2316 0.8833 0.1577 0.0361
0 0.3893 0.8826 0.1480 0.0207
0 0.5156 0.8855 0.0563 0.0293
0 0.6174 0.8917 0.1403 0.0279
0 0.7473 0.8896 0.0974 0.0236
0 0.8472 0.8912 0.0916 0.0240
0 0.1166 0.9127 0.0525 0.0255
0 0.2186 0.9128 0.1371 0.0284
0 0.3199 0.9122 0.0481 0.0216
0 0.2069 0.9400 0.1416 0.0356
0 0.3466 0.9398 0.1070 0.0380
0 0.4412 0.9483 0.0519 0.0327
0 0.5275 0.9506 0.1301 0.0317
0 0.6229 0.9452 0.0596 0.0264
0 0.6573 0.9564 0.0256 0.0183
0 0.7091 0.9524 0.0570 0.0269
0 0.8269 0.9493 0.1705 0.0264
0 0.1746 0.9659 0.1352 0.0236
0 0.2840 0.9721 0.0763 0.0303
0 0.4185 0.9721 0.1814 0.0303
0 0.5174 0.9708 0.0237 0.0221
0 0.6020 0.9768 0.1429 0.0202
0 0.7106 0.9796 0.0878 0.0260
0 0.7560 0.9832 0.0231 0.0163
0 0.8377 0.9769 0.1365 0.0260
0 0.9318 0.9851 0.0608 0.0312
