0 0.1242 0.2829 0.0456 0.0325
0 0.2114 0.2921 0.1033 0.0397
0 0.3345 0.2893 0.1162 0.0481
0 0.4585 0.2895 0.0920 0.0457
0 0.5396 0.2901 0.0431 0.0246
0 0.6077 0.2967 0.0543 0.0379
0 0.7103 0.2917 0.1344 0.0306
0 0.7852 0.3003 0.0176 0.0144
0 0.8251 0.2951 0.0446 0.0319
0 0.1787 0.3206 0.1714 0.0385
0 0.2859 0.3270 0.0135 0.0150
0 0.3182 0.3222 0.0393 0.0361
0 0.4383 0.3190 0.1682 0.0240
0 0.5791 0.3201 0.0832 0.0234
0 0.6552 0.3235 0.0465 0.0276
0 0.7496 0.3236 0.1160 0.0361
0 0.8221 0.3280 0.0136 0.0198
0 0.8520 0.3239 0.0513 0.0367
0 0.1578 0.3522 0.1129 0.0349
0 0.2853 0.3489 0.0817 0.0451
0 0.4211 0.3539 0.1394 0.0300
0 0.5483 0.3498 0.0937 0.0385
0 0.7469 0.3529 0.2716 0.0337
0 0.1736 0.3752 0.1666 0.0421
0 0.3323 0.3826 0.1146 0.0319
0 0.4552 0.3729 0.0521 0.0319
0 0.5982 0.3791 0.1769 0.0361
0 0.7540 0.3827 0.1274 0.0349
0 0.8231 0.3852 0.0128 0.0204
0 0.8699 0.3767 0.0703 0.0312
0 0.1163 0.4039 0.0520 0.0300
0 0.2086 0.4096 0.1089 0.0331
0 0.4156 0.4107 0.2562 0.0325
0 0.5608 0.4161 0.0160 0.0156
0 0.5872 0.4045 0.0495 0.0228
0 0.6625 0.4101 0.0833 0.0312
0 0.7398 0.4063 0.0519 0.0264
0 0.8343 0.4071 0.1130 0.0198
0 0.8979 0.4107 0.0208 0.0186
0 0.1428 0.4370 0.1105 0.0379
0 0.2157 0.4405 0.0120 0.0144
0 0.3093 0.4392 0.1714 0.0367
0 0.4535 0.4400 0.0793 0.0355
0 0.6005 0.4403 0.1955 0.0361
0 0.7782 0.4380 0.1370 0.0343
0 0.8959 0.4368 0.0919 0.0319
0 0.1810 0.4685 0.1730 0.0343
0 0.3291 0.4649 0.0472 0.0270
0 0.4143 0.4694 0.0897 0.0361
0 0.5238 0.4704 0.1088 0.0325
0 0.7174 0.4633 0.2570 0.0433
0 0.1809 0.4927 0.1202 0.0493
0 0.2892 0.4964 0.0729 0.0373
0 0.4137 0.4997 0.1385 0.0355
0 0.6002 0.4954 0.1809 0.0463
0 0.7590 0.4979 0.1097 0.0403
0 0.8542 0.4994 0.0529 0.0433
0 0.1146 0.5314 0.0624 0.0379
0 0.2335 0.5214 0.1642 0.0373
0 0.3425 0.5310 0.0184 0.0120
0 0.4953 0.5210 0.2795 0.0421
0 0.2554 0.5518 0.2387 0.0397
0 0.4384 0.5472 0.1017 0.0361
0 0.4961 0.5541 0.0088 0.0138
0 0.5421 0.5505 0.0537 0.0204
0 0.6614 0.5529 0.1616 0.0337
0 0.8281 0.5538 0.1255 0.0270
0 0.1114 0.5750 0.0561 0.0361
0 0.1963 0.5875 0.1065 0.0361
0 0.3334 0.5830 0.1473 0.0439
0 0.4540 0.5781 0.0551 0.0312
0 0.6002 0.5862 0.1809 0.0391
0 0.7619 0.5835 0.1266 0.0252
0 0.8855 0.5864 0.1015 0.0367
0 0.1762 0.6133 0.1746 0.0294
0 0.3373 0.6137 0.1329 0.0469
0 0.4695 0.6150 0.1001 0.0355
0 0.5273 0.6161 0.0184 0.0210
0 0.6675 0.6106 0.2571 0.0463
0 0.8394 0.6080 0.0593 0.0270
0 0.1551 0.6458 0.1490 0.0499
0 0.2435 0.6311 0.0176 0.0373
