0 0.2132 0.0756 0.1098 0.0207
0 0.4197 0.0741 0.2754 0.0371
0 0.6296 0.0725 0.0980 0.0228
0 0.6845 0.0819 0.0245 0.0221
0 0.7300 0.0786 0.0627 0.0378
0 0.8308 0.0779 0.1421 0.0335
0 0.1981 0.1014 0.1157 0.0278
0 0.3688 0.1038 0.1764 0.0271
0 0.5162 0.1080 0.0657 0.0299
0 0.6532 0.1012 0.1980 0.0356
0 0.8452 0.1050 0.1931 0.0349
0 0.9199 0.1110 0.0287 0.0164
0 0.1764 0.1341 0.0667 0.0321
0 0.3077 0.1296 0.1627 0.0342
0 0.4620 0.1250 0.1157 0.0249
0 0.6027 0.1256 0.0970 0.0207
0 0.7052 0.1348 0.0716 0.0364
0 0.8186 0.1303 0.1539 0.0328
0 0.9195 0.1284 0.0529 0.0235
0 0.2603 0.1526 0.1539 0.0385
0 0.4302 0.1539 0.1382 0.0299
0 0.5652 0.1581 0.0804 0.0356
0 0.6623 0.1574 0.1135 0.0371
0 0.7441 0.1516 0.0382 0.0200
0 0.8062 0.1545 0.0568 0.0257
0 0.8373 0.1645 0.0245 0.0235
0 0.8873 0.1588 0.0774 0.0399
0 0.2606 0.1532 0.1490 0.0342
0 0.2903 0.1809 0.2862 0.0285
0 0.5045 0.1841 0.0951 0.0349
0 0.6826 0.1831 0.2264 0.0356
0 0.8754 0.1837 0.1147 0.0285
0 0.1888 0.2127 0.1137 0.0392
0 0.2372 0.2179 0.0216 0.0164
0 0.3550 0.2066 0.1627 0.0299
0 0.5211 0.2117 0.1255 0.0428
0 0.5728 0.2152 0.0206 0.0192
0 0.7086 0.2088 0.1921 0.0371
0 0.8635 0.2071 0.1215 0.0364
0 0.1832 0.2349 0.0608 0.0421
0 0.3740 0.2320 0.2980 0.0307
0 0.5211 0.2391 0.0255 0.0143
0 0.5913 0.2383 0.0716 0.0378
0 0.7854 0.2306 0.2597 0.0335
0 0.1979 0.2595 0.0902 0.0328
0 0.3630 0.2608 0.2009 0.0299
0 0.6087 0.2594 0.2313 0.0299
0 0.7190 0.2687 0.0353 0.0207
0 0.7843 0.2626 0.0686 0.0364
0 0.8691 0.2566 0.0882 0.0271
0 0.2409 0.2854 0.1901 0.0292
0 0.4087 0.2851 0.1147 0.0257
0 0.5201 0.2878 0.0735 0.0257
0 0.6193 0.2833 0.1274 0.0278
0 0.7246 0.2851 0.0686 0.0257
0 0.8536 0.2861 0.1350 0.0278
0 0.2272 0.3116 0.1294 0.0399
0 0.3765 0.3122 0.1392 0.0328
0 0.4981 0.3121 0.0657 0.0242
0 0.5857 0.3179 0.0686 0.0385
0 0.7201 0.3122 0.1735 0.0299
0 0.8008 0.3187 0.0294 0.0235
0 0.8575 0.3154 0.0678 0.0391
0 0.2839 0.3427 0.2428 0.0354
0 0.4194 0.3469 0.0277 0.0244
0 0.4717 0.3449 0.0739 0.0342
0 0.6336 0.3369 0.2478 0.0238
0 0.8330 0.3358 0.1243 0.0244
0 0.1929 0.3709 0.0580 0.0391
0 0.3211 0.3685 0.1672 0.0342
0 0.3965 0.3723 0.0151 0.0141
0 0.4655 0.3709 0.0781 0.0391
0 0.6036 0.3708 0.1655 0.0360
0 0.7759 0.3659 0.1269 0.0373
0 0.8929 0.3685 0.1025 0.0342
0 0.2128 0.3928 0.1201 0.0244
0 0.3579 0.3966 0.1269 0.0348
0 0.5939 0.3937 0.2989 0.0318
0 0.8454 0.3923 0.1907 0.0318
0 0.2264 0.4253 0.1361 0.0367
0 0.3536 0.4190 0.0739 0.0214
0 0.5078 0.4185 0.2184 0.0287
0 0.7330 0.4190 0.1966 0.0324
0 0.2224 0.4503 0.1227 0.0312
0 0.4640 0.4518 0.3251 0.0342
0 0.6255 0.4512 0.0176 0.0134
0 0.6718 0.4454 0.0630 0.0269
0 0.7903 0.4506 0.1361 0.0373
0 0.8932 0.4446 0.0781 0.0226
0 0.2253 0.4716 0.1395 0.0238
0 0.3040 0.4822 0.0135 0.0171
0 0.3919 0.4776 0.1504 0.0330
0 0.5935 0.4762 0.2176 0.0330
0 0.7755 0.4750 0.1176 0.0251
0 0.8924 0.4716 0.1126 0.0293
0 0.2628 0.5051 0.2117 0.0379
0 0.4666 0.5039 0.1554 0.0299
0 0.7367 0.5072 0.3428 0.0422
0 0.2028 0.5289 0.0638 0.0189
0 0.3135 0.5355 0.1437 0.0348
0 0.4836 0.5293 0.1395 0.0281
0 0.7237 0.5262 0.2890 0.0330
0 0.8771 0.5317 0.0126 0.0134
0 0.2792 0.5542 0.1445 0.0446
0 0.4215 0.5586 0.0958 0.0422
0 0.5007 0.5544 0.0319 0.0171
0 0.6016 0.5572 0.1781 0.0367
0 0.8120 0.5542 0.2184 0.0446
0 0.2303 0.5857 0.1773 0.0409
0 0.3328 0.5808 0.0294 0.0171
0 0.3838 0.5859 0.0538 0.0330
0 0.4547 0.5866 0.0899 0.0342
0 0.6138 0.5809 0.2109 0.0257
0 0.7105 0.5882 0.0210 0.0153
0 0.8140 0.5812 0.1420 0.0263
0 0.2793 0.6101 0.2336 0.0397
0 0.3975 0.6054 0.0227 0.0275
0 0.2754 0.6336 0.2007 0.0312
0 0.3979 0.6348 0.0235 0.0141
0 0.4509 0.6315 0.0739 0.0214
0 0.5691 0.6284 0.1437 0.0263
0 0.6427 0.6411 0.0244 0.0183
0 0.7035 0.6283 0.0765 0.0232
0 0.8522 0.6322 0.2016 0.0367
0 0.2370 0.6611 0.1739 0.0306
0 0.3767 0.6571 0.0672 0.0281
0 0.4916 0.6671 0.1470 0.0342
0 0.6750 0.6605 0.1806 0.0293
0 0.8043 0.6529 0.0613 0.0281
0 0.9142 0.6625 0.1395 0.0360
0 0.1861 0.6877 0.0723 0.0226
0 0.2598 0.6731 0.0807 0.0183
0 0.2977 0.6889 0.1176 0.0251
0 0.4847 0.6907 0.2277 0.0397
0 0.7054 0.6870 0.1663 0.0434
0 0.8589 0.6927 0.1151 0.0409
0 0.3018 0.7179 0.3092 0.0330
0 0.4968 0.7101 0.0630 0.0257
0 0.5278 0.7213 0.0277 0.0232
0 0.6373 0.7163 0.1857 0.0464
0 0.7345 0.7103 0.0412 0.0318
