0 0.0982 0.1063 0.0520 0.0320
0 0.1947 0.1095 0.1255 0.0357
0 0.2562 0.1116 0.0124 0.0260
0 0.3236 0.1135 0.0639 0.0353
0 0.4223 0.1179 0.1280 0.0387
0 0.5568 0.1193 0.0942 0.0387
0 0.6968 0.1242 0.1742 0.0400
0 0.8382 0.1298 0.0986 0.0373
0 0.2248 0.1392 0.3164 0.0340
0 0.4778 0.1477 0.1777 0.0427
0 0.1481 0.1694 0.1546 0.0333
0 0.3137 0.1675 0.1217 0.0267
0 0.4499 0.1786 0.1360 0.0293
0 0.6617 0.1833 0.2790 0.0333
0 0.8374 0.1871 0.0498 0.0213
0 0.1200 0.1996 0.1040 0.0353
0 0.2069 0.1995 0.0693 0.0240
0 0.1514 0.2313 0.1750 0.0293
0 0.3096 0.2036 0.1136 0.0267
0 0.3709 0.2082 0.0196 0.0220
0 0.4550 0.2084 0.1600 0.0307
0 0.6496 0.2112 0.2131 0.0307
0 0.8064 0.2153 0.0906 0.0307
0 0.8948 0.2192 0.0924 0.0300
0 0.1329 0.2625 0.1324 0.0333
0 0.3594 0.2638 0.3021 0.0360
0 0.3273 0.2334 0.1519 0.0307
0 0.5594 0.2437 0.3021 0.0373
0 0.7465 0.2433 0.0542 0.0227
0 0.8369 0.2480 0.1155 0.0293
0 0.1778 0.2879 0.1333 0.0453
0 0.3033 0.2909 0.0871 0.0373
0 0.4345 0.2965 0.1635 0.0347
0 0.6999 0.3010 0.3581 0.0353
0 0.0969 0.3253 0.0604 0.0340
0 0.1641 0.3273 0.0782 0.0380
0 0.2775 0.3221 0.1466 0.0387
0 0.4230 0.3261 0.1155 0.0300
0 0.5722 0.3291 0.1555 0.0360
0 0.1989 0.3559 0.1617 0.0340
0 0.3179 0.3564 0.0746 0.0240
0 0.4283 0.3581 0.1289 0.0300
0 0.5260 0.3584 0.0604 0.0280
0 0.6475 0.3619 0.1866 0.0293
0 0.8156 0.3604 0.1395 0.0320
0 0.0944 0.3793 0.0667 0.0280
0 0.2027 0.3883 0.1360 0.0293
0 0.3480 0.3868 0.1600 0.0347
0 0.4690 0.3863 0.0658 0.0253
0 0.6162 0.3945 0.2158 0.0307
0 0.7850 0.3894 0.1200 0.0233
0 0.8459 0.3947 0.0196 0.0200
0 0.9128 0.3936 0.1117 0.0260
0 0.1647 0.4158 0.2043 0.0260
0 0.3513 0.4181 0.1360 0.0333
0 0.4825 0.4217 0.1040 0.0267
0 0.5390 0.4260 0.0169 0.0187
0 0.7000 0.4233 0.3110 0.0300
0 0.8887 0.4203 0.0551 0.0240
0 0.1444 0.4522 0.1804 0.0460
