0 0.4382 0.1486 0.1180 0.0360
0 0.5337 0.1497 0.0673 0.0327
0 0.1955 0.1799 0.1438 0.0320
0 0.3027 0.1882 0.0526 0.0180
0 0.4140 0.1950 0.1558 0.0400
0 0.5295 0.1982 0.0618 0.0213
0 0.6174 0.2046 0.1070 0.0287
0 0.7133 0.2095 0.0793 0.0273
0 0.7948 0.2097 0.0479 0.0193
0 0.8752 0.2150 0.1171 0.0300
0 0.1425 0.2086 0.0544 0.0200
0 0.2118 0.2130 0.0904 0.0260
0 0.3137 0.2166 0.0940 0.0193
0 0.3952 0.2175 0.0599 0.0267
0 0.4831 0.2224 0.1162 0.0227
0 0.6228 0.2323 0.1595 0.0313
0 0.7692 0.2430 0.1189 0.0360
0 0.8951 0.2445 0.1263 0.0307
0 0.1434 0.2393 0.0590 0.0313
0 0.2456 0.2441 0.1134 0.0327
0 0.3361 0.2465 0.0583 0.0236
0 0.4084 0.2476 0.0919 0.0257
0 0.4852 0.2499 0.0593 0.0164
0 0.5688 0.2562 0.0988 0.0236
0 0.6561 0.2555 0.0622 0.0193
0 0.8375 0.2685 0.2944 0.0343
0 0.2183 0.2644 0.1423 0.0343
0 0.3911 0.2797 0.1877 0.0400
0 0.6087 0.2876 0.2341 0.0336
0 0.7528 0.2904 0.0583 0.0307
0 0.8502 0.2929 0.1255 0.0357
0 0.1823 0.2924 0.1729 0.0293
0 0.3773 0.2989 0.2075 0.0450
0 0.5877 0.3108 0.1976 0.0271
0 0.7137 0.3167 0.0524 0.0307
0 0.7495 0.3141 0.0296 0.0171
0 0.8270 0.3156 0.1235 0.0229
0 0.1576 0.3219 0.1097 0.0300
0 0.2753 0.3239 0.1116 0.0229
0 0.4092 0.3307 0.1294 0.0336
0 0.6114 0.3380 0.2450 0.0371
0 0.7728 0.3430 0.0622 0.0221
0 0.8628 0.3461 0.1116 0.0200
0 0.1492 0.3547 0.0929 0.0371
0 0.2568 0.3544 0.1274 0.0450
0 0.4201 0.3595 0.1847 0.0357
0 0.5548 0.3699 0.0790 0.0314
0 0.6621 0.3671 0.1353 0.0314
0 0.8068 0.3754 0.1442 0.0286
0 0.1439 0.3831 0.1018 0.0300
0 0.2622 0.3867 0.1077 0.0207
0 0.3747 0.3904 0.1245 0.0336
0 0.5541 0.3935 0.2193 0.0343
0 0.6671 0.4045 0.0286 0.0229
0 0.7461 0.4001 0.1423 0.0307
0 0.8613 0.4042 0.0948 0.0307
0 0.1425 0.4079 0.1018 0.0214
0 0.2694 0.4146 0.1610 0.0293
0 0.3815 0.4104 0.0603 0.0236
0 0.4795 0.4198 0.1284 0.0257
0 0.6098 0.4218 0.0919 0.0214
0 0.7470 0.4279 0.1689 0.0307
0 0.9015 0.4313 0.1363 0.0293
0 0.1346 0.4348 0.0859 0.0279
0 0.2180 0.4696 0.1610 0.0393
0 0.3342 0.4789 0.0573 0.0329
0 0.4394 0.4800 0.1788 0.0350
0 0.6005 0.4844 0.1205 0.0300
0 0.7570 0.4862 0.1946 0.0336
0 0.1950 0.5075 0.2094 0.0371
0 0.4209 0.5078 0.1778 0.0379
0 0.6262 0.5122 0.2440 0.0300
0 0.8409 0.5146 0.1818 0.0264
0 0.1484 0.5288 0.1274 0.0243
0 0.2561 0.5398 0.0899 0.0407
0 0.3475 0.5313 0.0840 0.0264
0 0.3998 0.5410 0.0247 0.0236
0 0.4767 0.5333 0.1284 0.0221
0 0.5593 0.5388 0.0296 0.0221
0 0.6597 0.5421 0.1916 0.0286
0 0.7966 0.5458 0.0765 0.0306
0 0.8997 0.5441 0.1188 0.0271
0 0.1452 0.5638 0.1098 0.0359
0 0.2998 0.5600 0.1635 0.0200
0 0.4275 0.5625 0.0911 0.0194
0 0.5556 0.5629 0.1529 0.0259
0 0.6866 0.5695 0.1009 0.0224
0 0.7726 0.5722 0.0480 0.0306
0 0.8400 0.5786 0.0773 0.0294
0 0.1056 0.5998 0.0529 0.0329
0 0.2000 0.5938 0.1277 0.0265
0 0.3124 0.5946 0.0887 0.0171
0 0.4072 0.5893 0.0504 0.0259
0 0.5471 0.5958 0.2302 0.0276
0 0.7307 0.6000 0.1058 0.0194
0 0.8582 0.5989 0.1554 0.0200
0 0.9406 0.6082 0.0228 0.0165
0 0.1826 0.6292 0.2123 0.0306
0 0.3497 0.6253 0.1188 0.0200
0 0.4990 0.6259 0.1619 0.0212
0 0.6032 0.6328 0.0480 0.0324
0 0.6761 0.6272 0.0911 0.0182
0 0.7588 0.6273 0.0537 0.0241
0 0.8394 0.6339 0.1204 0.0288
0 0.1298 0.6564 0.1041 0.0212
0 0.2693 0.6617 0.1497 0.0318
0 0.3807 0.6624 0.0586 0.0276
0 0.4899 0.6565 0.1603 0.0324
0 0.6480 0.6586 0.1570 0.0312
0 0.7326 0.6680 0.0374 0.0194
0 0.7666 0.6670 0.0472 0.0312
0 0.1280 0.6876 0.1033 0.0253
0 0.2259 0.6908 0.0879 0.0176
0 0.3064 0.6967 0.0545 0.0324
0 0.4105 0.6963 0.1432 0.0371
0 0.5195 0.6898 0.0529 0.0212
0 0.1848 0.7240 0.1334 0.0424
0 0.3242 0.7250 0.1456 0.0388
0 0.4614 0.7250 0.1033 0.0418
0 0.5264 0.7319 0.0195 0.0194
0 0.5620 0.7252 0.0602 0.0365
0 0.6519 0.7276 0.1261 0.0329
0 0.7349 0.7205 0.0504 0.0188
0 0.7639 0.7297 0.0195 0.0176
0 0.8038 0.7273 0.0521 0.0324
0 0.8975 0.7225 0.1367 0.0200
0 0.1460 0.7594 0.1448 0.0271
0 0.2584 0.7597 0.0724 0.0306
0 0.3821 0.7580 0.1725 0.0271
0 0.5985 0.7554 0.1025 0.0247
0 0.6871 0.7609 0.0797 0.0329
0 0.8184 0.7537 0.1562 0.0241
0 0.9418 0.7587 0.0781 0.0341
0 0.1430 0.7966 0.1554 0.0376
0 0.2715 0.7962 0.0846 0.0341
0 0.3643 0.7926 0.0675 0.0324
0 0.3174 0.7982 0.0293 0.0241
0 0.5212 0.7884 0.2563 0.0241
0 0.6853 0.7919 0.0594 0.0282
0 0.8395 0.7842 0.2457 0.0324
0 0.1014 0.8237 0.0805 0.0224
0 0.2195 0.8296 0.1529 0.0341
0 0.3802 0.8263 0.1521 0.0359
0 0.4581 0.8300 0.0163 0.0182
0 0.5023 0.8256 0.0545 0.0318
0 0.6398 0.8193 0.2075 0.0247
0 0.8013 0.8186 0.1025 0.0206
0 0.8913 0.8163 0.0659 0.0271
0 0.1502 0.8616 0.1782 0.0371
0 0.3122 0.8615 0.1245 0.0341
0 0.4659 0.8568 0.1318 0.0441
0 0.5974 0.8571 0.1115 0.0365
0 0.6956 0.8517 0.0439 0.0229
0 0.7530 0.8550 0.0504 0.0294
0 0.8545 0.8516 0.1424 0.0282
0 0.0904 0.9014 0.0586 0.0388
0 0.2221 0.8999 0.1887 0.0359
0 0.3583 0.9011 0.0610 0.0412
0 0.4927 0.8922 0.1993 0.0288
0 0.6019 0.9001 0.0399 0.0224
0 0.3246 0.9048 0.0325 0.0235
0 0.7481 0.1321 0.0407 0.0171
0 0.7606 0.1594 0.0683 0.0188
0 0.8416 0.1525 0.1082 0.0300
0 0.7418 0.1816 0.0309 0.0159
0 0.8786 0.1871 0.0960 0.0271
